1330118
1343201
1352401
1476597
1478318
1495480
1530711
1564997
1580156
1722986
1730744
1788231
1798614
1801318
1813626
1816986
1823913
1826698
1843056
1856608
1857369
1858008
1860285
1861134
1907021
1912344
1913532
1913874
1914633
1914770
1915014
1916756
1917415
1918196
1921741
1922041
1924190
1925286
1926401
1933350
1938392
1939252
1939572
1939660
1939713
1940719
1941258
1942220
1946064
1947477
1947535
1947696
1950536
1950960
1953320
1953655
1953696
1953706
1956384
1956605
1957862
1958052
1960458
1960466
1964449
1965593
1971548
1974508
920666
1002001
1052775
1072297
1225930
1232472
1242334
1275523
1321448
1355959
1368000
1375402
1475847
1515235
1539647
1552625
1556697
1566472
1570329
1574255
1592153
1645555
1652344
1711545
1755649
1755653
1789863
1792364
1805691
1810654
1817644
1820599
1824891
1827896
1845667
1850136
1856998
1905029
1922375
1955542
3101458
981916
1851218
1959892
1990766
1910970
1574123
1937785
1967236
1048391
1054815
1074539
1089780
1125982
1155622
1158270
1188139
1274927
1317511
1340164
1356033
1485590
1488095
1494878
1500331
1504388
1505070
1511064
1520197
1527698
1528796
1529658
1539923
1546510
1549210
1551077
1551439
1551549
1551913
1553200
1553679
1558768
1566822
1567536
1568128
1574091
1577140
1577244
1584756
1585936
1586260
1586571
1588795
1589993
1597155
1650840
1706066
1717712
1718713
1722896
1727016
1730719
1732040
1732557
1732613
1741051
1746039
1751268
1754522
1773953
1774471
1776457
1783714
1784292
1785314
1786555
1789334
1789621
1790146
1793674
1794375
1794641
1795723
1797530
1799355
1803647
1804331
1807149
1808621
1811126
1811212
1813674
1814871
1815292
1817148
1817532
1818989
1819120
1822156
1823729
1824599
1825291
1827526
1829147
1831289
1831700
1832337
1839922
1841294
1842807
1843338
1843655
1844155
1844169
1844372
1844424
1844500
1844534
1847633
1854084
1854116
1854204
1856880
1857859
1858391
1858469
1858713
1858841
1859043
1859237
1859334
1860852
1861360
1861406
1864643
1865495
1865763
1867310
1868519
1868556
1869442
1872599
1879438
1886285
1901682
1902688
1904462
1905011
1905601
1905701
1905844
1906697
1906801
1907778
1908551
1909041
1909785
1909927
1909972
1910096
1911112
1912061
1912256
1913416
1914181
1915682
1916007
1916419
1917006
1919004
1919089
1922178
1922788
1923311
1924836
1929198
1930577
1933829
1936385
1938678
1940042
1941234
1941925
1945629
1945708
1945828
1946186
1947613
1950481
1951346
1953420
1953511
1953788
1955213
1957734
1958749
1960103
1965915
645107
853223
866827
870045
882363
934852
985037
1005146
1009008
1010574
1014335
1018501
1025007
1025935
1034361
1045102
1047378
1061969
1062472
1066605
1075666
1080677
1085129
1105845
1105959
1108194
1115780
1136113
1146412
1148153
1148786
1160803
1180903
1204121
1210441
1229445
1243404
1289360
1296766
1301912
1333059
1336413
1336706
1336845
1337602
1342029
1350435
1351199
1356195
1359460
1359462
1365887
1471334
1473080
1477016
1479404
1486439
1499843
1502023
1503154
1505675
1506111
1513038
1521559
1522030
1527697
1528127
1528286
1528813
1529670
1529883
1549678
1550724
1550732
1552818
1553961
1571054
1572029
1572422
1574222
1574553
1577554
1580216
1582708
1586558
1586918
1586924
1588410
1590696
1637573
1645018
1704128
1725754
1729513
1744761
1755583
1770999
1772503
1915375
1785119
1786645
1795203
1797365
1814263
1823023
1829936
1831320
1837674
1844226
1847593
1860270
346283
725340
780726
821720
851614
874190
896785
908099
915143
915948
927657
934526
949824
980228
999173
1974517
1990412
1993692
1994225
1997765
2000928
2003721
2004974
2006218
2007615
2008772
1929955
1949981
1950023
1906409
1909283
1931645
1934528
1938285
1942338
1945207
1945741
1949964
1950425
1956416
1962613
1963398
1969041
1976378
1978671
1985273
1987228
1989348
1991884
1997762
2006072
1966145
1808327
1809379
1829754
1839962
1848341
1856302
1863536
1912063
1929631
1945537
1572644
1749659
1801966
1823171
1857164
1907975
1920426
1924531
1938145
1941579
1962088
1963466
1969498
1944571
1959076
1977780
1980918
1981728
1982602
1982754
1982930
1983143
1983374
1983591
1983832
1984792
1986036
1986601
1986653
1986835
1986859
1986938
1987015
1987107
1987114
1987677
1988181
1989295
1989928
1990607
1991701
1991745
1991877
1991988
1992030
1992123
1993596
1993738
1993970
1994230
1994250
1994705
1995857
1995941
1996086
1996178
1996723
1998459
1998734
1998859
1998943
1999519
1999738
2000825
2000855
2000868
2001311
2003060
2004302
2004541
2005463
2005647
2006312
2006345
2006497
2007020
2008522
2010118
2010286
2010495
2010499
2010511
2010547
2010591
2010919
2011063
2011125
2011275
2011420
2011811
2012358
2012468
2012736
2013277
2013355
2013531
2013814
2014133
2014324
2014354
2015157
1341662
1911848
1915386
1917216
1917307
1917399
1917419
1917595
1918856
1919062
1919255
1920063
1920125
1920213
1922629
1922905
1923066
1923288
1924249
1924514
1929609
1930579
1931507
1933771
1933926
1935091
1935405
1936536
1937427
1937587
1940584
1940592
1940885
1941514
1941515
1941915
1941922
1942396
1942443
1942724
1943287
1943385
1943453
1943459
1943652
1943746
1943987
1944020
1944058
1944161
1944162
1944198
1944380
1944396
1944423
1944528
1944737
1944746
1944750
1944779
1944993
1945056
1945127
1945272
1945311
1945542
1945657
1945742
1945780
1945814
1946093
1951008
1951869
1953108
1954387
1954416
1954453
1955495
1957762
1958784
1959153
1959219
1961102
1962608
1970170
1975703
1975720
1976497
1977611
1977805
1978813
1979266
1979296
1979950
1979981
1914314
1937970
1939204
1940086
1940380
1910469
1911928
1912475
1912584
1912824
1913362
1913718
1914502
1915152
1915816
1916532
1917955
1918099
1919122
1919303
1919856
1920488
1921654
1921823
1922737
1923803
1925105
1930909
1933932
1939205
1942275
1943651
1910782
1911999
1990905
2003424
1806900
1941455
1941806
1942598
1942620
1942676
1942720
1942788
1942789
1942798
1942869
1942870
1942912
1942956
1942964
1942972
1942992
1943002
1943003
1943015
1943055
1943227
1943273
1943388
1943420
1943431
1943498
1943532
1943540
1943617
1943703
1943726
1943743
1943967
1943984
1944028
1944125
1944241
1944530
1944683
1944867
1944868
1944869
1945501
1945502
1945848
1945917
1945926
1945972
1946023
1946090
1947710
1949935
1951362
1951857
1571184
1722999
1574816
1576356
1576627
1577974
1579703
1581261
1582524
1583829
1585473
1586984
1588562
1590350
1594613
1597675
1628823
1636434
1646735
1651982
1673546
1701499
1706960
1712743
1716738
1719892
1722710
1020771
1024891
1026710
1029104
1033769
1044981
1086782
1171904
1172784
1188259
1203712
1206286
1216799
1247271
1250432
1280850
1280921
1311546
1319666
1322745
1324367
1330359
1331216
1331875
1345279
1347154
1347317
1351735
1358001
1358949
1358971
1358984
1359441
1359629
1359806
1384223
1485838
1513739
1515575
1519769
1539614
1558234
1579269
1732781
1769319
1788519
1791857
1803199
1804551
1840052
1852031
1863111
1901346
1910562
1911821
1911976
1911986
1912066
1912339
1912937
1913083
1914172
1914528
1915316
1915398
1915486
1915519
1916048
1916155
1916661
1916866
1917052
1917135
1917229
1917236
1917445
1917667
1918002
1918182
1918779
1918882
1919545
1920813
1922017
1922674
1910597
1943225
1976545
1976657
1976689
1976753
1976803
1976824
1976834
1976847
1977078
1977083
1977099
1977102
1977121
1977155
1977160
1977174
1977195
1977278
1977299
1977315
1977419
1977439
1977444
1977453
1977457
1977463
1977685
1977708
1977777
1977861
1977924
1978094
1978209
1978211
1978293
1978301
1978351
1978409
1978707
1829184
1902510
1916064
1919728
1921423
1924054
1959901
1960399
1963028
1964133
1964421
1964611
1965002
1971370
1973694
1974088
1974844
1974894
1974976
1975229
1975618
1975640
1975658
1976109
1976349
1976985
1977066
1977070
1977274
1977405
1977532
1977544
1977585
1977974
1978080
1978093
1978102
1978163
1978180
1978236
1978280
1978320
1978341
1978513
1978597
1978645
1978657
1978846
1978883
1978886
1978934
1978975
1979150
1979247
1979290
1979304
1979312
1979381
1979532
1979618
1979688
1979755
1979769
1979827
1979949
1980176
1980186
1980192
1980274
1980294
1980326
1980559
1980809
1980891
1981051
1981066
1981119
1981129
1981401
1981519
1981537
1981553
1982184
1982220
1982234
1982315
1982323
1982324
1982336
1982467
1982472
1982513
1982515
1982554
1982600
1982633
1982685
1982696
1982740
1982744
1982746
1982766
1982782
1982813
1982822
1982845
1982851
1983024
1983053
1983062
1983065
1983209
1983381
1983385
1983395
1983407
1983448
1983484
1983512
1983519
1983747
1983883
1983891
1983904
1984006
1984118
1984272
1984379
1984460
1984487
1984511
1984559
1984815
1984859
1985027
1985077
1985195
1985339
1985565
1985566
1985750
1985797
1985809
1985846
1986032
1986316
1986356
1986414
1986582
1986886
1987069
1987409
1987655
1987764
1987815
1987870
1987871
1987898
1988112
1988159
1988397
1988465
1988608
1988640
1988823
1989115
1989170
1989279
1989307
1989309
1989509
1989991
1990019
1990027
1990045
1990092
1990322
1990596
1990762
1990916
1991086
1991097
1991130
1991214
1991231
1991306
1991506
1991511
1991526
1991693
1991779
1991868
1992460
1992468
1992497
1992505
1992576
1992885
1992945
1993217
1993360
1993377
1993494
1993640
1993782
1993862
1994147
1994363
1994499
1994685
1994727
1995356
1995530
1995596
1995740
1996048
1996161
1996758
1997228
1997437
1997478
1997612
1997631
1997794
1998050
1998140
1998204
1998217
1998350
1998462
1998482
1998555
1998616
1998653
1998654
1998791
1998979
1999008
1999036
1999049
1999113
1999198
1999199
1999251
1999316
1999336
1999422
1999589
1999621
1999675
2000064
2000124
2000134
2000186
2000219
2000239
2000244
2000345
2000850
2000899
2000969
2001026
2001106
2001287
2001290
2001478
2001549
2001611
2001998
2002127
2002295
2002400
2002420
2002713
2002814
2002869
2002977
2003098
2003150
2003232
2003442
2003509
2003577
2003594
2003627
2003693
2003928
2003954
2003957
2004035
2004042
2004297
2004330
2004340
2004400
2004414
2004436
2004464
2004475
2004622
2004629
2004773
2004881
2005062
2005302
2005304
2005361
2005421
2005501
2005505
2005518
2005553
2005561
2005719
2005933
2005949
2005970
2006027
2006050
2006064
2006096
2006117
2006128
2006142
2006147
2006216
2006272
2006457
2006525
2006785
2006874
2006898
2006973
2007195
2007328
2007430
2007647
2007779
2007794
2007878
2007889
2007938
2007951
2008093
2008208
2008401
2008502
2008550
2008562
2008694
2008762
2008763
2008836
2008880
2008890
2008956
2008964
2008977
2009091
2009130
2009137
2009252
2009454
2009547
2009558
2009666
2009696
2009759
2009783
2009895
2010206
2010426
2010534
2010592
2010653
2011067
2011109
2011123
2011175
2011265
2011382
2011574
2011632
2011778
2011931
2011940
2012300
2012303
1288559
1289256
1291925
1742440
1784193
1801172
1818837
1822823
1831280
1832530
1855338
1856225
1857555
1858938
1863976
1866150
1872719
1885900
1904187
1904778
1907124
1913543
1913592
1914001
1914902
1915170
1915247
1915385
1915759
1915822
1916221
1916244
1916442
1916494
1916548
1916629
1916640
1916693
1916776
1916806
1917095
1917140
1917233
1918481
1918590
1919128
1919543
1920486
1920746
1921016
1921282
1922507
1922732
1922977
1923359
1924161
1924340
1924402
1924457
1924755
1925170
1925194
1925359
1925432
1929283
1930902
1931651
1932775
1933593
1933840
1933872
1933900
1934457
1935298
1935495
1935709
1936674
1936714
1937067
1938889
1939302
1939666
1939779
1940118
1940194
1940505
1941382
1941415
1941503
1941554
1941714
1941783
1941950
1942408
1942414
1942813
1943079
1943080
1943326
1943702
1943806
1943812
1943840
1944007
1944056
1944067
1944101
1944177
1944365
1944401
1944409
1944455
1944479
1944504
1944563
1944577
1944583
1944758
1944788
1944797
1944873
1944920
1944922
1945289
1945353
1945385
1945585
1945667
1945668
1946268
1946305
1946358
1946462
1946508
1946561
1946659
1946685
1946686
1946698
1946718
1947605
1947655
1947692
1947695
1947789
1947805
1947916
1949913
1949950
1949984
1950587
1950663
1950665
1950683
1950699
1950716
1950837
1950883
1950920
1951004
1951034
1951100
1951417
1951457
1951515
1951771
1951831
1951963
1952061
1952101
1952204
1952215
1952483
1952550
1952552
1952626
1952846
1953386
1953428
1953871
1953973
1954085
1954396
1954413
1954524
1954582
1954883
1954958
1955033
1955297
1955484
1955608
1955641
1955727
1955775
1955893
1955909
1955956
1956138
1956244
1956285
1956696
1956714
1956896
1956970
1957070
1957107
1957460
1957468
1957538
1957556
1957572
1957574
1957636
1957643
1957694
1958077
1958190
1958257
1958271
1958299
1958445
1958527
1958582
1958669
1959006
1959433
1959447
1959521
1959572
1959592
1959613
1959661
1959705
1959857
1959977
1959996
1960068
1960150
1960298
1960307
1960322
1960634
1960706
1960739
1960879
1960993
1961036
1961193
1961375
1961573
1961611
1961709
1961715
1961739
1961746
1961783
1961790
1961857
1961923
1961946
1961967
1961989
1962073
1962105
1962110
1962225
1962501
1962833
1962886
1962896
1963041
1963065
1963373
1963479
1963649
1963797
1963804
1963933
1963934
1963977
1964010
1964709
1965430
1965613
1965933
1966142
1966214
1966231
1967005
1967023
1967063
1967274
1967363
1969345
1969474
1969629
1969802
1970115
1970123
1970783
1970801
1970893
1970973
1971325
1971346
1971528
1971580
1971878
1972032
1972345
1972582
1972795
1973409
1973425
1973475
1973486
1973511
1973563
1973698
1974090
1974187
270746
1753169
1785863
1833120
1839821
1858571
1903393
1931589
1969675
1972153
1973904
1974170
1974353
1974817
1974932
1975194
1975216
1976026
1977583
1977587
1977614
1977823
1978443
1978668
1978810
1978833
1979014
1979025
1979199
1979497
1979576
1979605
1979657
1979839
1980269
1980607
1980709
1980761
1980781
1980919
1981106
1981161
1981174
1981196
1981380
1981430
1981473
1981497
1981616
1981650
1981691
1981777
1981901
1982031
1982064
1982376
1982582
1982775
1983044
1983189
1983309
1983427
1983960
1984144
1984189
1984584
1984621
1984761
1984897
1985060
1985083
1985648
1985688
1986144
1986402
1986580
1986767
1986912
1987414
1987494
1987521
1987847
1988097
1988196
1988473
1988705
1989354
1989364
1989871
1989898
1990129
1990286
1990652
1990703
1991643
1991999
1992760
1993369
1993569
1993988
1994097
1994654
1995228
1995262
1995343
1995784
1995919
1996099
1996759
1997176
1997561
1998069
1998116
1998591
1999906
1999911
2000032
2000049
2000704
2000764
2000775
2000817
2001043
2001245
2001904
2002561
2002796
2003084
2003287
2003608
2004071
2004075
2004694
2004697
2004777
2004808
2004813
2004869
2004895
2004906
2005061
2005142
2005309
2005499
2006051
2006292
2006546
2006739
2006792
2006977
2007274
2007518
2008287
2008396
2008527
2008990
2009723
2009823
2009864
2009871
2010029
2010575
2010596
2011202
2011227
2011332
2011577
2011590
2011738
2011913
2012232
1812672
1836225
1849127
1860591
1861953
1862152
1863513
1911451
1911601
1911963
1912026
1913839
1915318
1915924
1916451
1917164
1917657
1917896
1918056
1918554
1921963
1922740
1922968
1923944
1925638
1928759
1930038
1931742
1934084
1934973
1936873
1938906
1939703
1940130
1940611
1941111
1941850
1942265
1943699
1943876
1944393
1944548
1944726
1945065
1945167
1945237
1945764
1946079
1946388
1946542
1946551
1947620
1947721
1947767
1948099
1950608
1950674
1951182
1951769
1952067
1952073
1952221
1952365
1953408
1953866
1954022
1954248
1954317
1954327
1954452
1954881
1955113
1955137
1955276
1955595
1955602
1956181
1956477
1957314
1957326
1957662
1957777
1958179
1958210
1958421
1958470
1958516
1958571
1958575
1958813
1958819
1958821
1958832
1959300
1959490
1959823
1960119
1960282
1960967
1961048
1961099
1961995
1962432
1962516
1962671
1962723
1962727
1962742
1962846
1964220
1964798
1965724
1965833
1966335
1966575
1966704
1966778
1966875
1967122
1967250
1967343
1967431
1967693
1967762
1969280
1969340
1969455
1970339
1970538
1971039
1971459
1971655
1971741
1971919
1971974
1972480
1973572
1973592
1974093
1974388
709087
956833
1595632
1860016
1098311
1855294
1923951
1931717
1946215
1964815
1972129
1972742
1973111
1973829
1974547
1974809
1974864
1975152
1975188
1975297
1975345
1975363
1975371
1975379
1975405
1975451
1975498
1975567
1975639
1975680
1975704
1975708
1975844
1976115
1976171
1976201
1976234
1976399
1976401
1976436
1976474
1976502
1976508
1976529
1976534
1976683
1976726
1976806
1976859
1976867
1976883
1976919
1976925
1976952
1977025
1977057
1977162
1977221
1977428
1977482
1977483
1977509
1977550
1977556
1977608
1977661
1977751
1977817
1977850
1978046
1978117
1978138
1978531
1978669
1978759
1978902
1978904
1978932
1978965
1979055
1979146
1979177
1979195
1979208
1979299
1979402
1979476
1979573
1979582
1979596
1979651
1979709
1979784
1979891
1980002
1980061
1980094
1980096
1980118
1980204
1980212
1980214
1980278
1980321
1980335
1980365
1980441
1980467
1980531
1980852
1980873
1980876
1981035
1981058
1981080
1981130
1981339
1981360
1981365
1981431
1981440
1981448
1981479
1981480
1981481
1981543
1981629
1981679
1981810
1981912
1981970
1981999
1982020
1982026
1982200
1982241
1982244
1982271
1982279
1982335
1982375
1982446
1982449
1982507
1982564
1982585
1982605
1982722
1982730
1982755
1982807
1982838
1982891
1982894
1982905
1982998
1983072
1983089
1983255
1983287
1983330
1983416
1983443
1983459
1983470
1983569
1983637
1983768
1983780
1983839
1983965
1983996
1984000
1984015
1984088
1984139
1984160
1984228
1984299
1984354
1984429
1984532
1984569
1984596
1984601
1984602
1984633
1984722
1984756
1984784
1984905
1984917
1984937
1984946
1984994
1985107
1985112
1985246
1985248
1985250
1985266
1985272
1985281
1985397
1985412
1985485
1985495
1985543
1985593
1985615
1985663
1985692
1985792
1985844
1985883
1985895
1985901
1985908
1985931
1985945
1986105
1986111
1986179
1986208
1986220
1986355
1986403
1986412
1986431
1986469
1986561
1986583
1986644
1986692
1986707
1986737
1987088
1987132
1987166
1987193
1987215
1987286
1987371
1987504
1987651
1987704
1987756
1987786
1987921
1987925
1988017
1988061
1988153
1988169
1988200
1988205
1988211
1988261
1988460
1988484
1988542
1988575
1988668
1988695
1988792
1988894
1988942
1988961
1989034
1989044
1989114
1989156
1989186
1989220
1989311
1989328
1989413
1989503
1989555
1989558
1989714
1989769
1989850
1989861
1989932
1990097
1990253
1990278
1990312
1990326
1990368
1990675
1990815
1990894
1990996
1991021
1991053
1991092
1991141
1991209
1991301
1991375
1991498
1991570
1991806
1991833
1991880
1991945
1992146
1992212
1992235
1992284
1992387
1992440
1992731
1992748
1992832
1992931
1992958
1993017
1993030
1993245
1993292
1993325
1993339
1993447
1993472
1993499
1993522
1993566
1993575
1993590
1993629
1993735
1993747
1993762
1993818
1993877
1993907
1993917
1993983
1994098
1994140
1994273
1994291
1994490
1994548
1994695
1994804
1995122
1995239
1995280
1995550
1995577
1995591
1995664
1995674
1995686
1995698
1995728
1995776
1995816
1995834
1995863
1996033
1996042
1996066
1996121
1996168
1996883
1996969
1997321
1997350
1997392
1997396
1997418
1997428
1997481
1997542
1997575
1997639
1997717
1997740
1997757
1997842
1997881
1997913
1997945
1997947
1998058
1998070
1998071
1998172
1998210
1998215
1998261
1998346
1998422
1998433
1998439
1998450
1998471
1998528
1998619
1998661
1998707
1998713
1998768
1998810
1998811
1998874
1999060
1999070
1999101
1999102
1999159
1999174
1999269
1999421
1999443
1999522
1999546
1999619
1999660
1999763
1999773
1999817
1999834
1999859
1999888
1999894
2000094
2000098
2000164
2000222
2000318
2000347
2000351
2000382
2000432
2000433
2000434
2000442
2000520
2000533
2000552
2000631
2000716
2000776
2000832
2000851
2000862
2000887
2000920
2000971
2001011
2001085
2001088
2001108
2001211
2001268
2001293
2001398
2001431
2001433
2001484
2001508
2001601
2001628
2001632
2001655
2001707
2001728
2001834
2001840
2001864
2001961
2001974
2002019
2002043
2002048
2002070
2002142
2002197
2002205
2002272
2002367
2002516
2002559
2002560
2002571
2002602
2002642
2002670
2002709
2002745
2002842
2002880
2002904
2002943
2002971
2002983
2003013
2003016
2003049
2003201
2003300
2003331
2003352
2003356
2003386
2003416
2003438
2003450
2003461
2003487
2003596
2003599
2003630
2003638
2003668
2003737
2003743
2003772
2003776
2003781
2003910
2003933
2003976
2004013
2004038
2004055
2004150
2004191
2004224
2004285
2004294
2004295
2004350
2004356
2004373
2004431
2004497
2004526
2004598
2004660
2004671
2004713
2004715
2004729
2004738
2004878
2004889
2004910
2004959
2005023
2005056
2005072
2005092
2005100
2005106
2005135
2005155
2005173
2005228
2005411
2005418
2005428
2005449
2005472
2005517
2005551
2005578
2005655
2005841
2005845
2005893
2005968
2006001
2006011
2006087
2006121
2006124
2006131
2006166
2006212
2006382
2006433
2006505
2006604
2006631
2006719
2006817
2006826
2006871
2006979
2007015
2007259
2007473
2007478
2007494
2007525
2007668
2007683
2007693
2007695
2007729
2007811
2007840
2007986
2007996
2007998
2008014
2008059
2008064
2008095
2008137
2008262
2008276
2008348
2008566
2008633
2008634
2008658
2008703
2008706
2008713
2008724
2008736
2008776
2008784
2008804
2008814
2008842
2008844
2008850
2008886
2008892
2008954
2008992
2009041
2009142
2009190
2009241
2009248
2009265
2009301
2009505
2009563
2009572
2009597
2009620
2009625
2009638
2009717
2009720
2009794
2009920
2009922
2010072
2010090
2010129
2010210
2010370
2010372
2010404
2010438
2010443
2010451
2010522
2010525
2010533
2010614
2010635
2010709
2010804
2010845
2010853
2010862
2010900
2011082
2011157
2011235
2011243
2011256
2011264
2011284
2011302
2011343
2011366
2011375
2011414
2011449
2011459
2011468
2011508
2011513
2011554
2011562
2011656
2011685
2011747
2011759
2011807
2011851
2011873
2011890
2011917
2011957
2012016
2012161
2012177
2012327
2012389
2012415
2012437
2012450
2012461
1984360
1094814
1284417
1533747
1845999
1906893
1908544
1914620
1915332
1915536
1915885
1915925
1916096
1916792
1917189
1917408
1918318
1918703
1919072
1919525
1919706
1920318
1920761
1920975
1921134
1921484
1921878
1921929
1922029
1922774
1922779
1922873
1922896
1923342
1923581
1924037
1924413
1924617
1924711
1924728
1924841
1924893
1925055
1925065
1925108
1925342
1925403
1925429
1925531
1925639
1926093
1928659
1929924
1930485
1930873
1930892
1931498
1931829
1932059
1932218
1932273
1932570
1932593
1932643
1932776
1932820
1932898
1933086
1933097
1933137
1933166
1933170
1933233
1933289
1933432
1933448
1933450
1933456
1933522
1933598
1933677
1933713
1933752
1933757
1933793
1933876
1934341
1934703
1934774
1935450
1935710
1935896
1935897
1936059
1936214
1936384
1936611
1936750
1936762
1936830
1936832
1936863
1937477
1937510
1937689
1937738
1938634
1938936
1938967
1938976
1938979
1939138
1939304
1939376
1939681
1939714
1939825
1939954
1940096
1940133
1940154
1940166
1940222
1940238
1940330
1940376
1940459
1940461
1940492
1940522
1940709
1940765
1940815
1940834
1940844
1940860
1941023
1941063
1941281
1941440
1941456
1941478
1941491
1941541
1941634
1941981
1942139
1942260
1942278
1942637
1942767
1942781
1943039
1943330
1943353
1943377
1943423
1943434
1943542
1943578
1943641
1943882
1943989
1944120
1944122
1944359
仅一成愿意让子女从医].md
1944411
1944428
1944532
1944589
1944688
1944701
1944798
1944895
1944928
1944931
1944997
1945050
1945158
1945198
1945217
1945301
1945330
1945341
1945380
1945390
1945418
1945424
1945586
1945608
1945626
1945635
1945650
1945656
1945681
1945697
1945752
1945773
1945818
1945837
1945860
1945936
1946013
1946018
1946087
1946142
1946294
1946369
1946453
1946516
1946521
1946528
1946558
1946613
1946616
1946750
1946752
1946907
1947340
1947490
1947538
1947549
1947586
1947632
1947731
1947814
1947834
1947838
1947876
1950076
1950087
1950441
1950442
1950457
1950507
1950575
1950594
1950662
1950689
1950735
1950941
1950959
1950999
1951161
1951284
1951347
1951378
1951507
1951851
1951908
1951923
1951927
1951974
1952117
1952147
1952152
1952267
1952273
1952335
1952393
1952413
1952444
1952478
1952509
1952549
1952562
1952620
1952629
1952800
1952812
1952893
1952969
1952975
1952998
1953024
1953040
1953063
1953143
1953153
1953214
1953218
1953234
1953260
1953277
1953329
1953426
1953540
1953661
1953689
1953826
1953992
1954065
1954068
1954218
1954541
1954561
1954581
1954634
1954671
1954708
1954740
1954764
1954806
1954962
1955010
1955129
1955294
1955315
1955560
1955670
1955714
1955770
1955774
1955782
1955841
1955873
1955988
1956023
1956110
1956117
1956127
1956145
1956201
1956237
1956311
1956353
1956441
1956459
1956503
1956544
1956579
1956608
1956636
1956741
1956765
1956779
1956918
1956966
1957023
1957048
1957080
1957099
1957100
1957307
1957343
1957529
1957545
1957598
1957613
1957724
1957790
1957811
1957906
1957929
1957937
1957955
1957994
1958174
1958203
1958242
1958264
1958303
1958340
1958447
1958459
1958613
1958622
1958662
1958674
1958683
1958750
1958753
1958773
1958837
1958854
1958909
1958921
1958936
1958951
1959063
1959070
1959167
1959205
1959241
1959245
1959272
1959394
1959498
1959511
1959557
1959633
1959662
1959665
1959671
1959751
1959775
1959778
1959825
1959827
1959899
1959911
1959917
1959921
1959974
1960006
1960009
1960026
1960070
1960083
1960105
1960122
1960148
1960185
1960191
1960198
1960269
1960291
1960316
1960320
1960338
1960372
1960379
1960389
1960407
1960426
1960443
1960457
1960480
1960506
1960588
1960660
1960665
1960760
1960769
1960810
1960832
1960912
1960921
1960929
1960998
1961047
1961116
1961274
1961376
1961392
1961438
1961459
1961512
1961657
1961661
1961694
1961809
1961862
1962047
1962119
1962172
1962244
1962314
1962375
1962412
1962467
1962550
1962558
1962572
1962842
1962900
1962903
1962927
1962985
1963128
1963141
1963268
1963284
1963406
1963502
1963522
1963549
1963597
1963811
1963885
1964068
1964192
1964291
1964361
1964364
1964415
1964432
1964542
1964634
1964914
1965004
1965024
1965080
1965111
1965257
1965667
1965885
1965919
1965923
1966189
1966271
1966479
1966555
1966623
1966628
1966816
1966921
1966958
1966989
1967149
1967279
1967300
1967439
1967456
1967498
1967593
1967694
1967726
1969516
1969526
1969635
1969651
1969660
1969674
1969695
1969823
1969855
1970124
1970125
1970143
1970295
1970307
1970334
1970382
1970407
1970544
1970613
1970637
1970791
1970860
1970962
1971087
1971189
1971551
1971671
1971732
1971786
1971930
1971996
1972024
1972225
1972260
1972290
1972356
1972409
1972479
1972658
1972668
1972833
1973068
1973095
1973165
1973310
1973334
1973432
1973499
1973580
1973626
1973681
1973710
1973769
1973786
1973805
1973841
1973887
1973912
1974053
1974062
1974098
1974217
1974225
1974245
1974257
1974267
1974362
1974443
1005085
1320932
1585843
1967169
412867
1344128
1598978
1800025
1866508
1903494
1953941
1965935
1971733
1972493
1972936
1973961
1973983
1974478
1974596
1974724
1974984
1975208
1975221
1975250
1975253
1975402
1975434
1975444
1975458
1975488
1975507
1975538
1975581
1975593
1975611
1975779
1975830
1975836
1975877
1975890
1975894
1975904
1975974
1976007
1976029
1976045
1976058
1976071
1976075
1976081
1976094
1976155
1976226
1976266
1976312
1976341
1976348
1976419
1976454
1976475
1976504
1976510
1976541
1976576
1976584
1976616
1976640
1976744
1976752
1976931
1976955
1977016
1977085
1977109
1977125
1977132
1977216
1977247
1977270
1977347
1977383
1977401
1977409
1977443
1977576
1977591
1977632
1977674
1977689
1977884
1977901
1977908
1977911
1977922
1977951
1978055
1978113
1978173
1978267
1978274
1978417
1978452
1978590
1978629
1978666
1978755
1978757
1978854
1978859
1978901
1978907
1978957
1978977
1979086
1979130
1979134
1979154
1979242
1979262
1979276
1979298
1979317
1979378
1979430
1979493
1979494
1979563
1979647
1979648
1979706
1979789
1979828
1980034
1980065
1980230
1980300
1980468
1980471
1980528
1980540
1980585
1980658
1980676
1980754
1980819
1980877
1980892
1980930
1980966
1980970
1981032
1981090
1981126
1981147
1981149
1981334
1981348
1981370
1981476
1981545
1981547
1981551
1981590
1981610
1981639
1981648
1981660
1981694
1981716
1981804
1981851
1981881
1982051
1982114
1982198
1982259
1982277
1982312
1982331
1982360
1982410
1982415
1982433
1982441
1982482
1982519
1982539
1982549
1982852
1982853
1982911
1982979
1983017
1983064
1983088
1983114
1983198
1983202
1983214
1983239
1983270
1983292
1983315
1983379
1983442
1983499
1983566
1983632
1983652
1983666
1983682
1983746
1983758
1983792
1983856
1983890
1983928
1983969
1983970
1984042
1984066
1984120
1984185
1984303
1984328
1984345
1984351
1984356
1984422
1984438
1984459
1984472
1984852
1984860
1984894
1984915
1984932
1984950
1985087
1985094
1985097
1985098
1985151
1985163
1985207
1985218
1985287
1985299
1985348
1985388
1985402
1985501
1985561
1985569
1985574
1985582
1985589
1985596
1985600
1985687
1985733
1985762
1985801
1985869
1985900
1985917
1985926
1985976
1986080
1986135
1986138
1986219
1986288
1986291
1986294
1986314
1986350
1986478
1986608
1986643
1986661
1986694
1986730
1986746
1986761
1986830
1986862
1986892
1986939
1987022
1987172
1987188
1987190
1987306
1987310
1987368
1987401
1987447
1987455
1987468
1987491
1987526
1987558
1987609
1987844
1987896
1987911
1988018
1988053
1988058
1988132
1988135
1988225
1988233
1988285
1988348
1988368
1988448
1988456
1988471
1988477
1988505
1988519
1988538
1988559
1988590
1988635
1988644
1988833
1988870
1988938
1988951
1988986
1989020
1989195
1989273
1989340
1989473
1989545
1989562
1989571
1989603
1989806
1989815
1989825
1989870
1990105
1990155
1990160
1990200
1990248
1990252
1990376
1990395
1990408
1990597
1990646
1990687
1990724
1990771
1990900
1990902
1990926
1991002
1991017
1991036
1991067
1991122
1991211
1991212
1991281
1991287
1991459
1991491
1991602
1991696
1991709
1991726
1991815
1991957
1991985
1992099
1992103
1992113
1992156
1992247
1992362
1992427
1992444
1992456
1992541
1992594
1992597
1992607
1992629
1992631
1992686
1992698
1992720
1992727
1992752
1992756
1992770
1992782
1992814
1992840
1992922
1992959
1993027
1993092
1993119
1993135
1993137
1993158
1993165
1993173
1993197
1993214
1993240
1993277
1993331
1993333
1993351
1993386
1993408
1993416
1993445
1993457
1993466
1993496
1993498
1993537
1993554
1993624
1993628
1993639
1993699
1993765
1993794
1993821
1993837
1993873
1993878
1993893
1993910
1993976
1994026
1994075
1994095
1994105
1994129
1994134
1994148
1994175
1994191
1994208
1994247
1994248
1994268
1994300
1994388
1994389
1994403
1994455
1994486
1994494
1994535
1994557
1994564
1994643
1994648
1994670
1994698
1994723
1994737
1994757
1994778
1994807
1994824
1994860
1994879
1994921
1994941
1995000
1995012
1995028
1995032
1995098
1995102
1995167
1995171
1995204
1995225
1995253
1995258
1995270
1995319
1995408
1995409
1995460
1995469
1995486
1995538
1995541
1995544
1995599
1995685
1995746
1995763
1995814
1995832
1995922
1996049
1996103
1996141
1996158
1996309
1996732
1996789
1996867
1996882
1996913
1996930
1996949
1996967
1996977
1996980
1996986
1997008
1997020
1997025
1997055
1997144
1997174
1997192
1997221
1997254
1997306
1997355
1997357
1997447
1997462
1997506
1997580
1997583
1997693
1997703
1997706
1997708
1997863
1997885
1997961
1997996
1998045
1998095
1998121
1998203
1998260
1998364
1998377
1998397
1998420
1998467
1998495
1998497
1998638
1998751
1998763
1998812
1998891
1998947
1998960
1998962
1998963
1999005
1999031
1999066
1999078
1999162
1999177
1999220
1999282
1999292
1999338
1999348
1999351
1999353
1999431
1999480
1999527
1999565
1999576
1999587
1999633
1999694
1999750
1999824
1999862
1999936
2000034
2000043
2000115
2000142
2000155
2000161
2000230
2000287
2000395
2000421
2000431
2000503
2000561
2000570
2000693
2000725
2000753
2000886
2000902
2000912
2000944
2000998
2001013
2001055
2001091
2001099
2001112
2001117
2001134
2001174
2001176
2001192
2001212
2001216
2001234
2001380
2001419
2001428
2001437
2001467
2001489
2001502
2001536
2001564
2001587
2001591
2001605
2001641
2001699
2001723
2001725
2001727
2001746
2001786
2001830
2001843
2001866
2001986
2001993
2002031
2002035
2002052
2002101
2002151
2002178
2002179
2002187
2002228
2002236
2002279
2002297
2002339
2002379
2002407
2002487
2002536
2002567
2002580
2002649
2002654
2002660
2002683
2002693
2002728
2002737
2002772
2002806
2002833
2002847
2002855
2002894
2002927
2002937
2002954
2002988
2003082
2003118
2003129
2003141
2003159
2003178
2003235
2003246
2003250
2003253
2003281
2003326
2003367
2003397
2003405
2003414
2003435
2003451
2003474
2003479
2003490
2003497
2003526
2003572
2003605
2003607
2003670
2003707
2003708
2003726
2003793
2003808
2003842
2003878
2003883
2003989
2004022
2004048
2004065
2004078
2004143
2004187
2004328
2004382
2004385
2004470
2004518
2004519
2004550
2004565
2004586
2004649
2004688
2004760
2004870
2005042
2005057
2005105
2005122
2005127
2005181
2005183
2005195
2005231
2005255
2005346
2005402
2005469
2005493
2005511
2005526
2005530
2005538
2005543
2005555
2005569
2005600
2005623
2005640
2005663
2005700
2005746
2005747
2005758
2005804
2005827
2005834
2005899
2005911
2005934
2005941
2005989
2005995
2006125
2006181
2006214
2006215
2006220
2006271
2006324
2006414
2006422
2006429
2006446
2006454
2006524
2006557
2006587
2006815
2006862
2006895
2006951
2006956
2006960
2007143
2007163
2007228
2007241
2007319
2007345
2007368
2007493
2007510
2007522
2007534
2007570
2007608
2007623
2007659
2007692
2007705
2007717
2007793
2007841
2007849
2007857
2007898
2007952
2008013
2008020
2008074
2008169
2008177
2008179
2008328
2008362
2008405
2008435
2008463
2008475
2008511
2008532
2008575
2008579
2008657
2008710
2008759
2008848
2008893
2008913
2008962
2009064
2009098
2009155
2009207
2009261
2009338
2009339
2009450
2009577
2009694
2009697
2009708
2009733
2009773
2009799
2009800
2009825
2009943
2009983
2010012
2010025
2010112
2010189
2010211
2010236
2010270
2010305
2010403
2010430
2010500
2010508
2010552
2010607
2010631
2010724
2010734
2010762
2010829
2010837
2010920
2010928
2010948
2010981
2010985
2011004
2011028
2011036
2011077
2011097
2011126
2011129
2011177
2011220
2011232
2011251
2011257
2011363
2011430
2011441
2011492
2011511
2011517
2011544
2011560
2011616
2011661
2011677
2011680
2011822
2011827
2011846
2011852
2011863
2011869
2011947
2011971
2011974
2011984
2012019
2012084
2012105
2012204
2012347
2012350
2012458
2012556
1003195
1007339
1035255
1042670
1042779
1048358
1050490
1066198
1086195
1135757
1157464
1158416
1161241
1172040
1174815
1211073
1217124
1227766
1280877
1308767
1322408
1332228
1352962
1354967
1375515
1471289
1486297
1497915
1500152
1500499
1511650
1546574
1578310
1582867
1586663
1597570
1651098
1653168
1706126
1717935
1743799
1783074
1786444
1786711
1786994
1787665
1791206
1795315
956949
972105
976510
994569
1805653
1806522
1807037
1811494
1813155
1817661
1818547
1824637
1825112
1825132
1825731
1829259
1832805
1833652
1836753
1841907
1849208
1851931
1857179
1857402
1860406
1866322
1868626
1885850
1889771
1903634
1906326
1906652
1906820
1148312
1552722
1636695
1717620
1822504
1880437
1905860
1907513
1911905
1911953
1912071
1913210
1913870
1915126
1915523
1916213
1916603
1916718
1916853
1916980
1917490
1917691
1918285
1918381
1918601
1918762
1918772
1918776
1918946
1919010
1919462
1919477
1919705
1919708
1919787
1919884
1920006
1920043
1920044
1920191
1920364
1920372
1920376
1920381
1920407
1920470
1920599
1920664
1920707
1920744
1920821
1920907
1920943
1921068
1921270
1921427
1921462
1921477
1921822
1921849
1921954
1921993
1922077
1922236
1922298
1922734
1922743
1922813
1923075
1923522
1923654
1923697
1923737
1923739
1923771
1923862
1923923
1923954
1923955
1923996
1924032
1924039
1924295
1924770
1924833
1924853
1925175
1925244
1925324
1925388
1925527
1925634
1929191
1929506
1929840
1929902
1930033
1930036
1930134
1930415
1930477
1930829
1931216
1931543
1931620
1931622
1931744
1932238
1932252
1932266
1932288
1932370
1932517
1932532
1932581
1932608
1932635
1932771
1932815
1932828
1932860
1932985
1933093
1933199
1933210
1933294
1933419
1933467
1933476
1933497
1933505
1933592
1933616
1933759
1933777
1933813
1933906
1933924
1933944
1933948
1934680
1934861
1935013
1935107
1935344
1935366
1935482
1935753
1935757
1935831
1935845
1935851
1935954
1935960
1936061
1936091
1936121
1936216
1936219
1936232
1936386
1936396
1936401
1936425
1936453
1936462
1936522
1936675
1936694
1936740
1936802
1936803
1937200
1937201
1937247
1937294
1937301
1937312
1937359
1937383
1937468
1937601
1937667
1938369
1938781
1938782
1938814
1938956
1939012
1939060
1939125
1939461
1939471
1939687
1939742
1939745
1939788
1939791
1939817
1939879
1939887
1939946
1940087
1940243
1940364
1940401
1940527
1940630
1940692
1940704
1940767
1940770
1940846
1940878
1940883
1940913
1940978
1941055
1941065
1941085
1941089
1941116
1941337
1941618
1941683
1941706
1941837
1942439
1942479
1942485
1942492
1942819
1942930
1942959
1943016
1943058
1943215
1943238
1943251
1943267
1943432
1943564
1943571
1943588
1943646
1943678
1943712
1943724
1943764
1943850
1943900
1943929
1943949
1943988
1944113
1944116
1944141
1944151
1944202
1944213
1944273
1944288
1944320
1944431
1944477
1944500
1944636
1944652
1944665
1944805
1944846
1944923
1944933
1944944
1944991
1945144
1945157
1945226
1945295
1945298
1945491
1945512
1945593
1945604
1945686
1945735
1945810
1945834
1945915
1945957
1945979
1945994
1945997
1946010
1946050
1946092
1946111
1946119
1946123
1946194
1946220
1946235
1946289
1946377
1946518
1946522
1946753
1947454
1947585
1947590
1947599
1947678
1947811
1947823
1947850
1947898
1949929
1949942
1949949
1949959
1949962
1950031
1950591
1950929
1950940
1950966
1951135
1951153
1951176
1951227
1951238
1951242
1951296
1951301
1951302
1951365
1951481
1951496
1951538
1951873
1951964
1951976
1952023
1952068
1952077
1952116
1952226
1952244
1952272
1952311
1952317
1952366
1952367
1952376
1952377
1952383
1952529
1952725
1952729
1952730
1952759
1952767
1952813
1952819
1952847
1952908
1952929
1952935
1952939
1952942
1952944
1952947
1953015
1953075
1953078
1953083
1953115
1953165
1953183
1953216
1953238
1953299
1953330
1953342
1953357
1953358
1953441
1953453
1953487
1953491
1953566
1953694
1953713
1953735
1953746
1953837
1953855
1953878
1953887
1953997
1954014
1954036
1954038
1954058
1954066
1954116
1954136
1954149
1954160
1954253
1954260
1954265
1954268
1954310
1954328
1954331
1954382
1954462
1954474
1954483
1954501
1954514
1954533
1954538
1954562
1954591
1954592
1954596
1954618
1954658
1954677
1954703
1954724
1954729
1954767
1954771
1954854
1954899
1954911
1954940
1954943
1954983
1954999
1955079
1955099
1955122
1955156
1955171
1955182
1955185
1955191
1955246
1955249
1955262
1955268
1955278
1955351
1955469
1955488
1955669
1955675
1955708
1955743
1955880
1955930
1955941
1956001
1956019
1956052
1956203
1956214
1956224
1956232
1956296
1956300
1956313
1956329
1956345
1956366
1956392
1956419
1956486
1956496
1956613
1956648
1956654
1956811
1956852
1956897
1956996
1957020
1957021
1957027
1957123
1957254
1957368
1957408
1957450
1957506
1957582
1957623
1957778
1957788
1957809
1957838
1957903
1957938
1957947
1957956
1957964
1957990
1958007
1958022
1958132
1958307
1958313
1958319
1958378
1958387
1958430
1958436
1958553
1958572
1958573
1958639
1958644
1958737
1958835
1958874
1958913
1958952
1958992
1959038
1959078
1959082
1959101
1959109
1959164
1959181
1959193
1959197
1959255
1959285
1959305
1959350
1959396
1959419
1959443
1959450
1959507
1959566
1959625
1959672
1959767
1959780
1959834
1959931
1959981
1960038
1960384
1960618
1960654
1960721
1960726
1960820
1960828
1960897
1961012
1961017
1961051
1961249
1961265
1961268
1961369
1961370
1961418
1961443
1961474
1961477
1961486
1961508
1961574
1961583
1961604
1961702
1961806
1961819
1961836
1961882
1961899
1961944
1961951
1961955
1962000
1962053
1962069
1962122
1962127
1962131
1962190
1962426
1962504
1962567
1962631
1962650
1962670
1962699
1962793
1962804
1962805
1962908
1962922
1962965
1962977
1962984
1962996
1963025
1963038
1963040
1963048
1963077
1963144
1963156
1963199
1963286
1963304
1963312
1963321
1963360
1963444
1963600
1963663
1963673
1963713
1963745
1963785
1963848
1963991
1963998
1964033
1964137
1964235
1964287
1964316
1964359
1964418
1964441
1964547
1964555
1964579
1964614
1964722
1964738
1964780
1964800
1964833
1964901
1964908
1964985
1965011
1965019
1965153
1965197
1965438
1965448
1965519
1965539
1965584
1965610
1965658
1965752
1965838
1965861
1965949
1966154
1966201
1966257
1966310
1966326
1966369
1966401
1966429
1966483
1966509
1966510
1966558
1966631
1966673
1966717
1966730
1966766
1966781
1966830
1966836
1966868
1966872
1966904
1966948
1967078
1967081
1967112
1967125
1967178
1967260
1967263
1967286
1967378
1967559
1967568
1967585
1967589
1967621
1967629
1967634
1967640
1967695
1969275
1969365
1969555
1969641
1969663
1969774
1969783
1969787
1969813
1969831
1969842
1969856
1969888
1969893
1969979
1969998
1970096
1970176
1970193
1970209
1970293
1970346
1970389
1970424
1970461
1970611
1970709
1970853
1970861
1970905
1970914
1971052
1971101
1971277
1971313
1971366
1971415
1971505
1971606
1971690
1971833
1971888
1971898
1971934
1971998
1972037
1972112
1972131
1972146
1972178
1972219
1972228
1972252
1972380
1972481
1972515
1972517
1972704
1972714
1973018
1973167
1973266
1973270
1973301
1973332
1973352
1973361
1973509
1973587
1973596
1973634
1973727
1973740
1973952
1974113
1974219
1974232
1974268
1974272
1974365
1974412
1974426
1974489
1974530
1974554
893010
1967269
1978930
2000940
1807224
1809206
1809971
1908512
1914315
1914348
1924897
1938520
1946828
1947528
1953462
1105387
1229162
1340143
1595639
1818413
1916310
1918244
1923068
1929275
1939063
1944607
1710544
1831060
1847107
1849302
1909660
1936922
1947478
1953033
1959373
1961947
1970107
1973274
1974087
1974980
1975120
1977343
1979211
1981965
1982700
1982769
1986197
1986535
1986541
1987630
1988297
1988324
1991658
1992539
1992983
1995206
1158205
1334731
1577595
1582120
1712412
1800312
1910075
1916462
1932003
1950290
1952646
930880
1862909
1908343
1971603
1971916
1974190
1975622
1975681
1976248
1976647
1976718
1977119
1977339
1977503
1977508
1977590
1978228
1978488
1978498
1978514
1978575
1978663
1978773
1978900
1978905
1978968
1978969
1979043
1979121
1979231
1979282
1979333
1979386
1979440
1979455
1979487
1979699
1979783
1979937
1980042
1980060
1980082
1980215
1980363
1980596
1980728
1980933
1981347
1981363
1981441
1981623
1982183
1982225
1982229
1982290
1982338
1982480
1982495
1982534
1982637
1982643
1982742
1982839
1982960
1983192
1983203
1983363
1983380
1983433
1983468
1983473
1983790
1984107
1984200
1984254
1984603
1984733
1984796
1985063
1985082
1985251
1985512
1985597
1985607
1985873
1986060
1986088
1986128
1986133
1986305
1986396
1986579
1986777
1987051
1987307
1987389
1987415
1987443
1987590
1988033
1988349
1988739
1989140
1989477
1989940
1990221
1990297
1990337
1990795
1991090
1991731
1991793
1992367
1992618
1992654
1992673
1992692
1992827
1992939
1993225
1993244
1993287
1993490
1993603
1994092
1994267
1994603
1994681
1995062
1995294
1995405
1996359
1996669
1996787
1996809
1997085
1997155
1997395
1997421
1997621
1997758
1997820
1997890
1998293
1998492
1998642
1999373
1999437
1999736
1999748
1999940
2000330
2000488
2000584
2000598
2000623
2000674
2000746
2000857
2000897
2001004
2001035
2001093
2001272
2001503
2001664
2001833
2002799
2002928
2002982
2003059
2003086
2003177
2003190
2003298
2003515
2003586
2003755
2003800
2003801
2004137
2004179
2004270
2004421
2004658
2004815
2005131
2005174
2005597
2005972
2006153
2006182
2006511
2006641
2006891
2006944
2007044
2007059
2007629
2007775
2007933
2008317
2008470
2008573
2008722
2008879
2008896
2009006
2009034
2009231
2009242
2009358
2009881
2009912
2010142
2010209
2010335
2010459
2010595
2010776
2010934
2011141
2011282
2011784
2011878
2011952
2012135
1979301
1857217
1915319
1933371
1938194
1940109
1940141
1940583
1940625
1940932
1941182
1941832
1942027
1942134
1942153
1942185
1942211
1942248
1942335
1942372
1942468
1942535
1943879
1944047
1944111
1944173
1944246
1944348
1944426
1944606
1944667
1945037
1945169
1945482
1945606
1945851
1946245
1946512
1947720
1949982
1950983
1951144
1951210
1951241
1951375
1951845
1951957
1952257
1952779
1952792
1952895
1952928
1952937
1953028
1953393
1954040
1954064
1954517
1954525
1954839
1955089
1955342
1955791
1956078
1957087
1957539
1957588
1957590
1957941
1958598
1958618
1958758
1959031
1959191
1959198
1959207
1959345
1959586
1959745
1959929
1959991
1960607
1960855
1961197
1961347
1961605
1961742
1961892
1961925
1962248
1962268
1962276
1962282
1962450
1962698
1962732
1963138
1963659
1963696
1963728
1963767
1964286
1964737
1964919
1965064
1966127
1966579
1966630
1966784
1967668
1969387
1969540
1970099
1970485
1970511
1971283
1971611
1971954
1971982
1972640
1972847
1973192
1973229
1973276
1973368
1973514
1973756
1973798
1973848
1974196
1974220
1914598
1911045
1942680
1958480
1961149
1962481
1966576
1970463
1972099
1973059
1973146
1974364
1975312
1975502
1975523
1975601
1975678
1975802
1975918
1975986
1976278
1976370
1977046
1977131
1977194
1977468
1977693
1977891
1977903
1977906
1978823
1978866
1978936
1979089
1979105
1979253
1979506
1979538
1979577
1980019
1980041
1980110
1980136
1980564
1980598
1980657
1981495
1981614
1982263
1982305
1982599
1982713
1982880
1982913
1982976
1983526
1984257
1984841
1985012
1985312
1985359
1985516
1985738
1985798
1985955
1986084
1986183
1986231
1986393
1986456
1986508
1987487
1988172
1988290
1988300
1988301
1988320
1988406
1988435
1988677
1989108
1989150
1989369
1989511
1989663
1989742
1989907
1989914
1989933
1989965
1990371
1990586
1990693
1991020
1991091
1991224
1991261
1991485
1991646
1991995
1992122
1992710
1992786
1993362
1993684
1993713
1993894
1994004
1994056
1994398
1994510
1994854
1994872
1995034
1995058
1995085
1995619
1995646
1995651
1995858
1996779
1996816
1997118
1997177
1997285
1997503
1997599
1997851
1997989
1998946
1999310
2000002
2000121
2000319
2000668
2000835
2001247
2001558
2001625
2002025
2002135
2002440
2002618
2003204
2003316
2003860
2004166
2004196
2004336
2004384
2004967
2004986
2005800
2005812
2005905
2006059
2006177
2006371
2006392
2007055
2007142
2007359
2007651
2008855
2009253
2009259
2009384
2009401
2009406
2009427
2009617
2009757
2010130
2010133
2010518
2010588
2011072
2011130
2011192
2011572
2012260
1983172
1989128
1134535
1505430
1545482
1819701
1865801
1903775
1910661
1911791
1915973
1916426
1921688
1921911
1922101
1922974
1923405
1923595
1924351
1930037
1930891
1932294
1932529
1932530
1933120
1933672
1933964
1934833
1935155
1936137
1936595
1937545
1938723
1938746
1939313
1939806
1940501
1941432
1941600
1941696
1941762
1942559
1943526
1943569
1943725
1943868
1944413
1944801
1945282
1946742
1947522
1949992
1950514
1951133
1951168
1951401
1951544
1952195
1952454
1952593
1953276
1953297
1953415
1953431
1953494
1953618
1953931
1954375
1954625
1955360
1955615
1955981
1956054
1956310
1956443
1956760
1956790
1956842
1957650
1957861
1958034
1958041
1958114
1958444
1958779
1958822
1958890
1959088
1959120
1959137
1959173
1959238
1959273
1959471
1959980
1960064
1960278
1960330
1960405
1960778
1960916
1960923
1961085
1961101
1961114
1961346
1961520
1961587
1961686
1961750
1962013
1962237
1962290
1962404
1962533
1962539
1962637
1963226
1963309
1963683
1963755
1963907
1964190
1964214
1964855
1966099
1966954
1967147
1967356
1967737
1967827
1969251
1969416
1970351
1970704
1970711
1970819
1970884
1970936
1972362
1972500
1972971
1973025
1973247
1973254
1974065
1958154
1961524
1965540
1974368
1975001
1975081
1975091
1975136
1975799
1975936
1976084
1976146
1976151
1976302
1976337
1976390
1976547
1976619
1976639
1976846
1976988
1977534
1977758
1978052
1978506
1978635
1978693
1978745
1978764
1978991
1979050
1979468
1979683
1979796
1979926
1979935
1980210
1980352
1980920
1980949
1981122
1981186
1981827
1981921
1981928
1981950
1981956
1982120
1982157
1982266
1982291
1982552
1982603
1982612
1982726
1982982
1983220
1983322
1983439
1983524
1983723
1983985
1984047
1984914
1984955
1985396
1985418
1985842
1985884
1986177
1986198
1986221
1986491
1986593
1986666
1986953
1987162
1987205
1987738
1987883
1988136
1988295
1988303
1988311
1988335
1988364
1988441
1988488
1988515
1988615
1988666
1988702
1988738
1988744
1988862
1988905
1988962
1988978
1989188
1989343
1989399
1989525
1989665
1989888
1989980
1990005
1990024
1990136
1990230
1990292
1990431
1990767
1990883
1990941
1990943
1991099
1991330
1991519
1991834
1991941
1992287
1992314
1992343
1992376
1992492
1992567
1992570
1992924
1992940
1993143
1993279
1993367
1993373
1993667
1993676
1993702
1993964
1993998
1994011
1994081
1994179
1994323
1994326
1994479
1994853
1994963
1995074
1995355
1995450
1995610
1995690
1995777
1996017
1996876
1996910
1997124
1997454
1997497
1997782
1997796
1997822
1998317
1999332
1999398
1999526
1999706
2000328
2000360
2000366
2000599
2000652
2001321
2001330
2001555
2001675
2002040
2002118
2002125
2002158
2002165
2002534
2002762
2002987
2003197
2003362
2003448
2003510
2003550
2003566
2003738
2003934
2004001
2004298
2004314
2004315
2004406
2004545
2004931
2005159
2005564
2005626
2005687
2005785
2005920
2006143
2006516
2006771
2006813
2006909
2007617
2007681
2007708
2008212
2008403
2009104
2009258
2009304
2009344
2009364
2009471
2009679
2009754
2009775
2009851
2009877
2009935
2009989
2010013
2010061
2010081
2010164
2010178
2010180
2010196
2010207
2010217
2010312
2010407
2010722
2011362
2011440
2011700
2011722
2011751
2011921
2012253
1329273
1331653
1588533
1737488
1838248
1862775
1863194
1864839
1912407
1912447
1913961
1915774
1916126
1916475
1916990
1919683
1919710
1919894
1920526
1920741
1920954
1920985
1921866
1922412
1922600
1923087
1923158
1923638
1923709
1924156
1924194
1924451
1924600
1924891
1924938
1925050
1929828
1929905
1929934
1931755
1931962
1931973
1932609
1932819
1933863
1933930
1934520
1935478
1935480
1935507
1935791
1936440
1936653
1936878
1937415
1937645
1937749
1937823
1937847
1937893
1938844
1939446
1939691
1939702
1940038
1940576
1940924
1940946
1941608
1942621
1943186
1943611
1943679
1943822
1944921
1944950
1945211
1945712
1945871
1946270
1947665
1947831
1950407
1950409
1950512
1950642
1950653
1950968
1951015
1951049
1951256
1952126
1952332
1952379
1952513
1952585
1952606
1952638
1953306
1953514
1953570
1953607
1953610
1953622
1953777
1953859
1954113
1954282
1954907
1954938
1955016
1955186
1955194
1955238
1955382
1955749
1955767
1955788
1955806
1955934
1956135
1956216
1956243
1956589
1956708
1956747
1957058
1957130
1957235
1957268
1957271
1957284
1957377
1957439
1957713
1957746
1957753
1957968
1958015
1958325
1958659
1958828
1958850
1958886
1959202
1959339
1959457
1959658
1959768
1960311
1960312
1960313
1960478
1960601
1960931
1961129
1961398
1961770
1961843
1962014
1962078
1962415
1962435
1962438
1962512
1962562
1962632
1962964
1963008
1963024
1963105
1963154
1963198
1963327
1963365
1963494
1963515
1963690
1963693
1964012
1964682
1964846
1964921
1965085
1965184
1965396
1966121
1966169
1966273
1966595
1966725
1966749
1966782
1966802
1966930
1967473
1967600
1967701
1967707
1969245
1969339
1969346
1969467
1969500
1969552
1969567
1969590
1969594
1969686
1969770
1970077
1970376
1970631
1970827
1970869
1971273
1971403
1971546
1971736
1971763
1972081
1972191
1972282
1972381
1972407
1972447
1972518
1972857
1973104
1973329
1973434
1973458
1973461
1973603
1973650
1973662
1973734
1973745
1973754
1973822
1974000
1974151
1974326
1974405
1974446
1976318
1576066
1637234
1727511
1819767
1830731
1857104
1858148
1858281
1860213
1860318
1867035
1867686
1868192
1906634
1907951
1910352
1910900
1916495
1916884
1917154
1918653
1920096
1921350
1922883
1923972
1924271
1924671
1930252
1933300
1944416
1954301
1958630
1959177
1959558
1959674
1960562
1960894
1963106
1963196
1965063
1967327
1969496
1970006
1975731
1976412
1978505
1980630
1980653
1981603
1982261
1987572
1988848
1993402
1997514
1794543
1806287
1859294
1860168
1860303
1910176
1931820
1938420
1963999
1903559
1965714
1965963
1972675
1974514
1974629
1974762
1974834
1975016
1975277
1975415
1975417
1975893
1975907
1975984
1976050
1976450
1976816
1977271
1977413
1977557
1977755
1977860
1978727
1978873
1980123
1980399
1980438
1980563
1980705
1980990
1981389
1981849
1982188
1982317
1982368
1983411
1984874
1985558
1986418
1987507
1987783
1987983
1988129
1988223
1989221
1991509
1991579
1991683
1992009
1992093
1992279
1992320
1992461
1992593
1994359
1994536
1994979
1995705
1995933
1996935
1996957
1997652
1997697
1997978
1998162
1998953
1999420
1999849
2000151
2000469
2000654
2001703
2001909
2002075
2002985
2003000
2003066
2004219
2004797
2005000
2005063
2005134
2005145
2005265
2005297
2005591
2007066
2007664
2007718
2007944
2007993
2008032
2008308
2008340
2008942
2009860
2009878
2009883
2009949
2010260
2010472
2010685
2010802
2011397
2011646
1940397
1991743
1992405
1071500
1726553
1740861
1861326
1886979
1906849
1913272
1913925
1917198
1919106
1919966
1920262
1921704
1921968
1924064
1929876
1930717
1931974
1931975
1935755
1936587
1936939
1937064
1937445
1939084
1939539
1940805
1940864
1940957
1941450
1941893
1941933
1942054
1942064
1942206
1942391
1943663
1944678
1944699
1945123
1945273
1945636
1946053
1946084
1946532
1946586
1946720
1947469
1947690
1947728
1947784
1947810
1949909
1950006
1950741
1950964
1951068
1951279
1951340
1951912
1951922
1951997
1952123
1952778
1953047
1953168
1953182
1953520
1954410
1954481
1954852
1954877
1954909
1955030
1956027
1956227
1957826
1957830
1958180
1958897
1959118
1960886
1961519
1961597
1962121
1962374
1962838
1963517
1963857
1964156
1964857
1965058
1965374
1965645
1966386
1967797
1969392
1969790
1969817
1971624
1971836
1973053
1973479
1792961
1952961
1924063
1973836
1976564
1979630
1980597
1980794
1981637
1984104
1984131
1987520
1988130
1990057
1991390
1992288
1992639
1995723
1996100
1997202
1997690
1999039
1999308
2000325
2000572
2000984
2001284
2001381
2002406
2003948
2005029
2006294
2006652
2006796
2007357
2009012
2009901
2010008
2010447
2011195
2012309
1168723
1726440
1916346
1916631
1920048
1921634
1922018
1922959
1924690
1929717
1929810
1934021
1938372
1943977
1944104
1944385
1945611
1946302
1946536
1951216
1951499
1952291
1953460
1953755
1955375
1957417
1964049
1965853
1971413
1247722
1532681
1725775
1912413
1941923
1952193
1963524
1966803
1966822
1973504
1975274
1976034
1976120
1976169
1976766
1977425
1977696
1977771
1978059
1978545
1978819
1979360
1980719
1980725
1980909
1981057
1982185
1982408
1982439
1982474
1982542
1982956
1983187
1983663
1983895
1983919
1984020
1984324
1984439
1985022
1985372
1985898
1985989
1986085
1986169
1986351
1986379
1986405
1986415
1986615
1986670
1986721
1986817
1986819
1986842
1986850
1986860
1986864
1986889
1986918
1987016
1987048
1987066
1987365
1987603
1987735
1987809
1987926
1987982
1988119
1988299
1988407
1988408
1988804
1988877
1989439
1989451
1990223
1990340
1990925
1991991
1992313
1992485
1992515
1993058
1993199
1993542
1993694
1994316
1994636
1994708
1994818
1995223
1995479
1995606
1995661
1995699
1995943
1996760
1997039
1997162
1997172
1997187
1997214
1997232
1997277
1997435
1997495
1997551
1997635
1997640
1997725
1997728
1997848
1997854
1997935
1998194
1998290
1998435
1998437
1998490
1999524
1999771
1999923
2000204
2001014
2001622
2001932
2002198
2002329
2002773
2003172
2003555
2003929
2004722
2005154
2005351
2005478
2005651
2005913
2006120
2006677
2006766
2006820
2007759
2008514
2008851
2010490
2010516
2010555
2010598
2011204
2011559
2011755
977394
1986146
1992321
1481238
1578604
1745911
1770560
1804778
1806922
1812641
1849904
1851074
1867793
1871319
1910419
1912924
1913127
1914932
1916839
1916875
1917020
1917059
1917265
1919647
1919852
1920423
1920537
1920626
1920701
1921379
1921738
1923357
1923758
1923915
1924801
1924966
1925174
1925362
1932413
1932842
1934572
1935939
1936377
1936559
1936649
1937500
1938084
1940002
1942046
1942392
1944835
1945047
1947783
1952369
1952537
1953350
1953421
1953445
1953484
1953623
1953781
1953804
1953845
1953864
1953938
1954155
1954414
1954595
1954632
1954675
1954743
1954755
1954812
1954891
1955064
1955098
1955167
1955354
1955435
1955551
1955652
1955790
1956100
1956107
1956226
1956433
1956905
1956960
1957073
1957392
1957507
1957689
1957894
1958035
1958135
1958905
1959093
1959348
1959372
1959735
1959907
1960477
1960603
1960636
1960777
1961691
1962419
1962496
1962563
1963183
1963355
1963588
1963775
1965843
1965910
1965957
1965992
1966166
1966292
1966465
1966644
1967292
1967309
1967409
1969421
1969862
1969884
1970056
1970095
1970598
1970818
1971350
1971574
1973797
1973877
1974100
1914325
1914353
1914375
1914434
1914563
1914658
1914908
1920692
1921407
1922423
1926094
1930621
1939541
1965939
1966541
1969926
1972090
1972413
1972957
1973732
1975533
1978353
1980451
1985390
1994944
2001037
2002062
2003757
2003763
2004142
2004725
2006249
2008940
2008968
2009802
1962787
2003946
1827468
1866654
1914321
1914322
1914323
1914326
1914329
1914336
1914342
1914343
1914345
1914346
1914347
1914349
1914358
1914367
1914373
1914374
1914400
1914416
1914417
1914424
1914439
1914491
1914506
1914660
1914697
1914733
1914821
1914931
1915012
1915034
1915039
1915222
1915557
1915669
1915762
1915863
1916148
1916653
1916764
1918038
1918159
1918534
1919387
1919461
1919842
1920014
1922252
1924090
1925476
1932768
1937470
1937846
1941673
1944270
1944292
1944925
1945038
1945324
1945365
1945691
1946426
1946766
1947458
1947705
1954092
1958004
1960786
1962087
1962741
1964199
1970882
1971018
1487714
1914313
1936107