1901346,
1901682,
1902510,
1902688,
1903393,
1903494,
1903559,
1903634,
1903775,
1904187,
1904462,
1904473,
1904778,
1905011,
1905029,
1905601,
1905701,
1905844,
1905860,
1906326,
1906409,
1906634,
1906652,
1906697,
1906801,
1906820,
1906849,
1906893,
1907021,
1907124,
1907513,
1907778,
1907951,
1907975,
1908343,
1908512,
1908544,
1908551,
1909041,
1909283,
1909660,
1909785,
1909927,
1909972,
1910075,
1910096,
1910176,
1910352,
1910419,
1910469,
1910562,
1910597,
1910661,
1910782,
1910900,
1910970,
1911045,
1911112,
1911451,
1911601,
1911791,
1911821,
1911848,
1911905,
1911928,
1911953,
1911963,
1911976,
1911986,
1911999,
1912026,
1912061,
1912063,
1912066,
1912071,
1912256,
1912339,
1912344,
1912407,
1912413,
1912447,
1912475,
1912584,
1912824,
1912924,
1912937,
1913083,
1913127,
1913210,
1913272,
1913362,
1913416,
1913532,
1913543,
1913592,
1913718,
1913839,
1913870,
1913874,
1913925,
1913961,
1914001,
1914172,
1914181,
1914313,
1914314,
1914315,
1914321,
1914322,
1914323,
1914325,
1914326,
1914329,
1914336,
1914342,
1914343,
1914345,
1914346,
1914347,
1914348,
1914349,
1914353,
1914358,
1914367,
1914373,
1914374,
1914375,
1914400,
1914409,
1914416,
1914417,
1914424,
1914434,
1914439,
1914491,
1914502,
1914506,
1914528,
1914563,
1914598,
1914620,
1914633,
1914658,
1914660,
1914697,
1914733,
1914770,
1914821,
1914902,
1914908,
1914931,
1914932,
1915012,
1915014,
1915034,
1915039,
1915126,
1915152,
1915170,
1915171,
1915222,
1915247,
1915316,
1915318,
1915319,
1915332,
1915375,
1915385,
1915386,
1915398,
1915486,
1915519,
1915523,
1915536,
1915557,
1915669,
1915682,
1915759,
1915762,
1915774,
1915816,
1915822,
1915863,
1915885,
1915924,
1915925,
1915973,
1916007,
1916048,
1916064,
1916096,
1916126,
1916148,
1916155,
1916213,
1916221,
1916244,
1916310,
1916346,
1916419,
1916426,
1916442,
1916451,
1916462,
1916475,
1916494,
1916495,
1916532,
1916548,
1916603,
1916629,
1916631,
1916640,
1916653,
1916661,
1916693,
1916718,
1916756,
1916764,
1916776,
1916784,
1916792,
1916806,
1916839,
1916853,
1916866,
1916875,
1916884,
1916980,
1916990,
1917006,
1917020,
1917052,
1917059,
1917095,
1917135,
1917140,
1917154,
1917164,
1917189,
1917198,
1917216,
1917229,
1917233,
1917236,
1917265,
1917307,
1917399,
1917408,
1917415,
1917419,
1917445,
1917490,
1917595,
1917657,
1917667,
1917691,
1917896,
1917955,
1918002,
1918038,
1918056,
1918099,
1918159,
1918182,
1918196,
1918244,
1918285,
1918318,
1918381,
1918481,
1918534,
1918554,
1918590,
1918601,
1918653,
1918703,
1918762,
1918772,
1918776,
1918779,
1918856,
1918882,
1918946,
1919004,
1919010,
1919062,
1919072,
1919089,
1919106,
1919122,
1919128,
1919255,
1919303,
1919387,
1919461,
1919462,
1919477,
1919525,
1919543,
1919545,
1919647,
1919683,
1919705,
1919706,
1919708,
1919710,
1919728,
1919787,
1919842,
1919852,
1919856,
1919884,
1919894,
1919966,
1920006,
1920014,
1920043,
1920044,
1920048,
1920063,
1920096,
1920125,
1920191,
1920213,
1920262,
1920318,
1920364,
1920372,
1920376,
1920381,
1920407,
1920423,
1920426,
1920470,
1920486,
1920488,
1920526,
1920537,
1920599,
1920626,
1920664,
1920692,
1920701,
1920707,
1920741,
1920744,
1920746,
1920761,
1920813,
1920821,
1920907,
1920943,
1920954,
1920975,
1920985,
1921016,
1921068,
1921134,
1921270,
1921282,
1921350,
1921379,
1921407,
1921423,
1921427,
1921462,
1921477,
1921484,
1921517,
1921634,
1921654,
1921688,
1921704,
1921738,
1921741,
1921822,
1921823,
1921849,
1921866,
1921878,
1921911,
1921929,
1921954,
1921963,
1921968,
1921993,
1922017,
1922018,
1922029,
1922041,
1922077,
1922101,
1922178,
1922236,
1922252,
1922298,
1922375,
1922412,
1922423,
1922507,
1922600,
1922629,
1922674,
1922732,
1922734,
1922737,
1922740,
1922743,
1922774,
1922779,
1922788,
1922813,
1922873,
1922883,
1922896,
1922905,
1922959,
1922968,
1922974,
1922977,
1923066,
1923068,
1923075,
1923087,
1923158,
1923288,
1923311,
1923342,
1923357,
1923359,
1923405,
1923522,
1923581,
1923595,
1923638,
1923654,
1923697,
1923709,
1923737,
1923739,
1923758,
1923771,
1923803,
1923862,
1923915,
1923923,
1923944,
1923951,
1923954,
1923955,
1923972,
1923996,
1924032,
1924037,
1924039,
1924054,
1924063,
1924064,
1924090,
1924156,
1924161,
1924190,
1924194,
1924249,
1924271,
1924295,
1924340,
1924351,
1924402,
1924413,
1924451,
1924457,
1924514,
1924531,
1924600,
1924617,
1924671,
1924690,
1924711,
1924728,
1924755,
1924770,
1924801,
1924833,
1924836,
1924841,
1924853,
1924891,
1924893,
1924897,
1924938,
1924966,
1925050,
1925055,
1925065,
1925105,
1925108,
1925170,
1925174,
1925175,
1925194,
1925244,
1925286,
1925324,
1925342,
1925359,
1925362,
1925388,
1925403,
1925429,
1925432,
1925476,
1925527,
1925531,
1925634,
1925638,
1925639,
1926093,
1926094,
1926401,
1928659,
1928759,
1929191,
1929198,
1929275,
1929283,
1929506,
1929609,
1929631,
1929717,
1929810,
1929828,
1929840,
1929876,
1929902,
1929905,
1929924,
1929934,
1929955,
1930033,
1930036,
1930037,
1930038,
1930134,
1930252,
1930415,
1930477,
1930485,
1930577,
1930579,
1930621,
1930717,
1930829,
1930873,
1930891,
1930892,
1930902,
1930909,
1931216,
1931498,
1931507,
1931543,
1931589,
1931620,
1931622,
1931645,
1931651,
1931717,
1931742,
1931744,
1931755,
1931820,
1931829,
1931962,
1931973,
1931974,
1931975,
1932003,
1932059,
1932218,
1932238,
1932252,
1932266,
1932273,
1932288,
1932294,
1932370,
1932413,
1932517,
1932529,
1932530,
1932532,
1932570,
1932581,
1932593,
1932608,
1932609,
1932635,
1932643,
1932768,
1932771,
1932775,
1932776,
1932815,
1932819,
1932820,
1932828,
1932842,
1932860,
1932898,
1932985,
1933086,
1933093,
1933097,
1933120,
1933137,
1933166,
1933170,
1933199,
1933210,
1933233,
1933289,
1933294,
1933300,
1933350,
1933371,
1933419,
1933432,
1933448,
1933450,
1933456,
1933467,
1933476,
1933497,
1933505,
1933522,
1933592,
1933593,
1933598,
1933616,
1933672,
1933677,
1933713,
1933752,
1933757,
1933759,
1933771,
1933777,
1933793,
1933813,
1933829,
1933840,
1933863,
1933872,
1933876,
1933900,
1933906,
1933924,
1933926,
1933930,
1933932,
1933944,
1933948,
1933964,
1934021,
1934084,
1934341,
1934457,
1934520,
1934528,
1934572,
1934680,
1934703,
1934774,
1934833,
1934861,
1934973,
1935013,
1935091,
1935107,
1935155,
1935298,
1935344,
1935366,
1935405,
1935450,
1935478,
1935480,
1935482,
1935495,
1935507,
1935709,
1935710,
1935753,
1935755,
1935757,
1935791,
1935831,
1935845,
1935851,
1935896,
1935897,
1935939,
1935954,
1935960,
1936059,
1936061,
1936091,
1936107,
1936121,
1936137,
1936214,
1936216,
1936219,
1936232,
1936377,
1936384,
1936385,
1936386,
1936396,
1936401,
1936425,
1936440,
1936453,
1936462,
1936522,
1936536,
1936559,
1936587,
1936595,
1936611,
1936649,
1936653,
1936674,
1936675,
1936694,
1936714,
1936740,
1936750,
1936762,
1936802,
1936803,
1936830,
1936832,
1936863,
1936873,
1936878,
1936922,
1936939,
1937064,
1937067,
1937200,
1937201,
1937247,
1937294,
1937301,
1937312,
1937359,
1937383,
1937415,
1937427,
1937445,
1937468,
1937470,
1937477,
1937500,
1937510,
1937545,
1937587,
1937601,
1937645,
1937667,
1937689,
1937738,
1937749,
1937785,
1937823,
1937846,
1937847,
1937893,
1937970,
1938084,
1938145,
1938194,
1938285,
1938312,
1938369,
1938372,
1938392,
1938420,
1938520,
1938634,
1938678,
1938723,
1938746,
1938781,
1938782,
1938814,
1938844,
1938889,
1938906,
1938936,
1938956,
1938967,
1938976,
1938979,
1939012,
1939060,
1939063,
1939084,
1939125,
1939138,
1939204,
1939205,
1939252,
1939302,
1939304,
1939313,
1939376,
1939446,
1939461,
1939471,
1939539,
1939541,
1939572,
1939660,
1939666,
1939681,
1939687,
1939691,
1939702,
1939703,
1939713,
1939714,
1939742,
1939745,
1939779,
1939788,
1939791,
1939806,
1939817,
1939825,
1939879,
1939887,
1939946,
1939954,
1940002,
1940038,
1940042,
1940086,
1940087,
1940096,
1940109,
1940118,
1940130,
1940133,
1940141,
1940154,
1940166,
1940194,
1940222,
1940238,
1940243,
1940330,
1940364,
1940376,
1940380,
1940397,
1940401,
1940459,
1940461,
1940492,
1940501,
1940505,
1940522,
1940527,
1940576,
1940583,
1940584,
1940592,
1940611,
1940625,
1940630,
1940692,
1940704,
1940709,
1940719,
1940765,
1940767,
1940770,
1940805,
1940815,
1940834,
1940844,
1940846,
1940860,
1940864,
1940878,
1940883,
1940885,
1940913,
1940924,
1940932,
1940946,
1940957,
1940978,
1941023,
1941055,
1941063,
1941065,
1941085,
1941089,
1941111,
1941116,
1941125,
1941182,
1941234,
1941258,
1941281,
1941337,
1941382,
1941415,
1941432,
1941440,
1941450,
1941455,
1941456,
1941478,
1941491,
1941503,
1941514,
1941515,
1941541,
1941554,
1941579,
1941600,
1941608,
1941618,
1941634,
1941673,
1941683,
1941696,
1941706,
1941714,
1941762,
1941783,
1941806,
1941832,
1941837,
1941850,
1941893,
1941915,
1941922,
1941923,
1941925,
1941933,
1941950,
1941981,
1942027,
1942046,
1942054,
1942064,
1942134,
1942139,
1942153,
1942185,
1942206,
1942211,
1942220,
1942248,
1942260,
1942265,
1942275,
1942278,
1942335,
1942338,
1942372,
1942391,
1942392,
1942396,
1942408,
1942414,
1942439,
1942443,
1942468,
1942479,
1942485,
1942492,
1942535,
1942559,
1942598,
1942620,
1942621,
1942637,
1942676,
1942680,
1942720,
1942724,
1942767,
1942781,
1942788,
1942789,
1942798,
1942813,
1942819,
1942869,
1942870,
1942912,
1942930,
1942956,
1942959,
1942964,
1942972,
1942992,
1943002,
1943003,
1943015,
1943016,
1943039,
1943055,
1943058,
1943079,
1943080,
1943186,
1943215,
1943225,
1943227,
1943238,
1943251,
1943267,
1943273,
1943287,
1943326,
1943330,
1943353,
1943377,
1943385,
1943388,
1943420,
1943423,
1943431,
1943432,
1943434,
1943453,
1943459,
1943498,
1943526,
1943532,
1943540,
1943542,
1943564,
1943569,
1943571,
1943578,
1943588,
1943611,
1943617,
1943641,
1943646,
1943651,
1943652,
1943663,
1943678,
1943679,
1943699,
1943702,
1943703,
1943712,
1943724,
1943725,
1943726,
1943743,
1943746,
1943764,
1943806,
1943812,
1943822,
1943840,
1943850,
1943868,
1943876,
1943879,
1943882,
1943900,
1943929,
1943949,
1943967,
1943977,
1943984,
1943987,
1943988,
1943989,
1944007,
1944020,
1944028,
1944047,
1944056,
1944058,
1944067,
1944101,
1944104,
1944111,
1944113,
1944116,
1944120,
1944122,
1944125,
1944141,
1944151,
1944161,
1944162,
1944173,
1944177,
1944198,
1944202,
1944213,
1944241,
1944246,
1944270,
1944273,
1944288,
1944292,
1944320,
1944348,
1944359,
1944365,
1944380,
1944385,
1944393,
1944396,
1944401,
1944409,
1944411,
1944413,
1944416,
1944423,
1944426,
1944428,
1944431,
1944455,
1944477,
1944479,
1944500,
1944504,
1944528,
1944530,
1944532,
1944548,
1944563,
1944571,
1944577,
1944583,
1944589,
1944606,
1944607,
1944636,
1944652,
1944665,
1944667,
1944678,
1944683,
1944688,
1944699,
1944701,
1944726,
1944737,
1944746,
1944750,
1944758,
1944779,
1944788,
1944797,
1944798,
1944801,
1944805,
1944835,
1944846,
1944867,
1944868,
1944869,
1944873,
1944895,
1944920,
1944921,
1944922,
1944923,
1944925,
1944928,
1944931,
1944933,
1944944,
1944950,
1944991,
1944993,
1944997,
1945037,
1945038,
1945047,
1945050,
1945056,
1945065,
1945123,
1945127,
1945144,
1945157,
1945158,
1945167,
1945169,
1945198,
1945207,
1945211,
1945217,
1945226,
1945237,
1945272,
1945273,
1945282,
1945289,
1945295,
1945298,
1945301,
1945311,
1945324,
1945330,
1945341,
1945353,
1945365,
1945380,
1945385,
1945390,
1945418,
1945424,
1945482,
1945491,
1945501,
1945502,
1945512,
1945537,
1945542,
1945585,
1945586,
1945593,
1945604,
1945606,
1945608,
1945611,
1945626,
1945629,
1945635,
1945636,
1945650,
1945656,
1945657,
1945667,
1945668,
1945681,
1945686,
1945691,
1945697,
1945708,
1945712,
1945735,
1945741,
1945742,
1945752,
1945764,
1945773,
1945780,
1945810,
1945814,
1945818,
1945828,
1945834,
1945837,
1945848,
1945851,
1945860,
1945871,
1945915,
1945917,
1945926,
1945936,
1945957,
1945972,
1945979,
1945994,
1945997,
1946010,
1946013,
1946018,
1946023,
1946050,
1946053,
1946064,
1946068,
1946079,
1946084,
1946087,
1946090,
1946092,
1946093,
1946111,
1946119,
1946123,
1946142,
1946186,
1946194,
1946215,
1946220,
1946235,
1946245,
1946268,
1946270,
1946289,
1946294,
1946302,
1946305,
1946358,
1946369,
1946377,
1946388,
1946426,
1946453,
1946462,
1946508,
1946512,
1946516,
1946518,
1946521,
1946522,
1946528,
1946532,
1946536,
1946542,
1946551,
1946558,
1946561,
1946586,
1946613,
1946616,
1946659,
1946685,
1946686,
1946698,
1946718,
1946720,
1946742,
1946750,
1946752,
1946753,
1946766,
1946828,
1946907,
1947340,
1947454,
1947458,
1947469,
1947477,
1947478,
1947490,
1947500,
1947522,
1947528,
1947535,
1947538,
1947549,
1947585,
1947586,
1947590,
1947599,
1947605,
1947613,
1947620,
1947632,
1947655,
1947665,
1947678,
1947690,
1947692,
1947695,
1947696,
1947705,
1947710,
1947720,
1947721,
1947728,
1947731,
1947767,
1947783,
1947784,
1947789,
1947805,
1947810,
1947811,
1947814,
1947823,
1947831,
1947834,
1947838,
1947850,
1947876,
1947898,
1947916,
1948099,
1949909,
1949913,
1949929,
1949935,
1949942,
1949949,
1949950,
1949959,
1949962,
1949964,
1949981,
1949982,
1949984,
1949992,
1950006,
1950023,
1950031,
1950076,
1950087,
1950290,
1950407,
1950409,
1950425,
1950441,
1950442,
1950457,
1950481,
1950507,
1950512,
1950514,
1950536,
1950575,
1950587,
1950591,
1950594,
1950608,
1950642,
1950653,
1950662,
1950663,
1950665,
1950674,
1950683,
1950689,
1950699,
1950716,
1950735,
1950741,
1950837,
1950883,
1950920,
1950929,
1950940,
1950941,
1950959,
1950960,
1950964,
1950966,
1950968,
1950983,
1950999,
1951004,
1951008,
1951015,
1951034,
1951049,
1951068,
1951100,
1951133,
1951135,
1951144,
1951153,
1951161,
1951168,
1951176,
1951182,
1951210,
1951216,
1951227,
1951238,
1951241,
1951242,
1951256,
1951279,
1951284,
1951296,
1951301,
1951302,
1951340,
1951346,
1951347,
1951362,
1951365,
1951375,
1951378,
1951401,
1951417,
1951457,
1951481,
1951496,
1951499,
1951507,
1951515,
1951538,
1951544,
1951769,
1951771,
1951831,
1951845,
1951851,
1951857,
1951869,
1951873,
1951908,
1951912,
1951922,
1951923,
1951927,
1951957,
1951963,
1951964,
1951974,
1951976,
1951997,
1952023,
1952061,
1952067,
1952068,
1952073,
1952077,
1952101,
1952116,
1952117,
1952123,
1952126,
1952147,
1952152,
1952193,
1952195,
1952204,
1952215,
1952221,
1952226,
1952244,
1952257,
1952267,
1952272,
1952273,
1952291,
1952311,
1952317,
1952332,
1952335,
1952365,
1952366,
1952367,
1952369,
1952376,
1952377,
1952379,
1952383,
1952393,
1952413,
1952444,
1952454,
1952478,
1952483,
1952509,
1952513,
1952529,
1952537,
1952549,
1952550,
1952552,
1952562,
1952585,
1952593,
1952606,
1952620,
1952626,
1952629,
1952638,
1952646,
1952725,
1952729,
1952730,
1952759,
1952767,
1952778,
1952779,
1952792,
1952800,
1952812,
1952813,
1952819,
1952846,
1952847,
1952893,
1952895,
1952908,
1952928,
1952929,
1952935,
1952937,
1952939,
1952942,
1952944,
1952947,
1952961,
1952969,
1952975,
1952998,
1953015,
1953024,
1953028,
1953033,
1953040,
1953047,
1953063,
1953075,
1953078,
1953083,
1953108,
1953115,
1953143,
1953153,
1953165,
1953168,
1953182,
1953183,
1953214,
1953216,
1953218,
1953234,
1953238,
1953260,
1953276,
1953277,
1953297,
1953299,
1953306,
1953320,
1953329,
1953330,
1953342,
1953350,
1953357,
1953358,
1953386,
1953393,
1953408,
1953415,
1953420,
1953421,
1953426,
1953428,
1953431,
1953441,
1953445,
1953453,
1953460,
1953462,
1953484,
1953487,
1953491,
1953494,
1953511,
1953514,
1953520,
1953540,
1953566,
1953570,
1953607,
1953610,
1953618,
1953622,
1953623,
1953655,
1953661,
1953689,
1953694,
1953696,
1953706,
1953713,
1953735,
1953746,
1953755,
1953777,
1953781,
1953788,
1953804,
1953826,
1953837,
1953845,
1953855,
1953859,
1953864,
1953866,
1953871,
1953878,
1953887,
1953931,
1953938,
1953941,
1953973,
1953992,
1953997,
1954014,
1954022,
1954036,
1954038,
1954040,
1954058,
1954064,
1954065,
1954066,
1954068,
1954085,
1954092,
1954113,
1954116,
1954136,
1954149,
1954155,
1954160,
1954218,
1954248,
1954253,
1954260,
1954265,
1954268,
1954282,
1954301,
1954310,
1954317,
1954327,
1954328,
1954331,
1954375,
1954382,
1954387,
1954396,
1954410,
1954413,
1954414,
1954416,
1954452,
1954453,
1954462,
1954474,
1954481,
1954483,
1954501,
1954514,
1954517,
1954524,
1954525,
1954533,
1954538,
1954541,
1954561,
1954562,
1954581,
1954582,
1954591,
1954592,
1954595,
1954596,
1954618,
1954625,
1954632,
1954634,
1954658,
1954671,
1954675,
1954677,
1954703,
1954708,
1954724,
1954729,
1954740,
1954743,
1954755,
1954764,
1954767,
1954771,
1954806,
1954812,
1954839,
1954852,
1954854,
1954877,
1954881,
1954883,
1954891,
1954899,
1954907,
1954909,
1954911,
1954938,
1954940,
1954943,
1954958,
1954962,
1954983,
1954999,
1955010,
1955016,
1955030,
1955033,
1955064,
1955079,
1955089,
1955098,
1955099,
1955113,
1955122,
1955129,
1955137,
1955156,
1955167,
1955171,
1955182,
1955185,
1955186,
1955191,
1955194,
1955213,
1955238,
1955246,
1955249,
1955262,
1955268,
1955276,
1955278,
1955294,
1955297,
1955315,
1955342,
1955351,
1955354,
1955360,
1955375,
1955382,
1955435,
1955469,
1955484,
1955488,
1955495,
1955542,
1955551,
1955560,
1955595,
1955602,
1955608,
1955615,
1955641,
1955652,
1955669,
1955670,
1955675,
1955708,
1955714,
1955727,
1955743,
1955749,
1955767,
1955770,
1955774,
1955775,
1955782,
1955788,
1955790,
1955791,
1955806,
1955841,
1955873,
1955880,
1955893,
1955909,
1955930,
1955934,
1955941,
1955956,
1955981,
1955988,
1956001,
1956019,
1956023,
1956027,
1956052,
1956054,
1956078,
1956100,
1956107,
1956110,
1956117,
1956127,
1956135,
1956138,
1956145,
1956181,
1956201,
1956203,
1956214,
1956216,
1956224,
1956226,
1956227,
1956232,
1956237,
1956243,
1956244,
1956285,
1956296,
1956300,
1956310,
1956311,
1956313,
1956329,
1956345,
1956353,
1956366,
1956384,
1956392,
1956416,
1956419,
1956433,
1956441,
1956443,
1956459,
1956477,
1956486,
1956496,
1956503,
1956544,
1956579,
1956589,
1956605,
1956608,
1956613,
1956636,
1956648,
1956654,
1956696,
1956708,
1956714,
1956741,
1956747,
1956760,
1956765,
1956779,
1956790,
1956811,
1956842,
1956852,
1956896,
1956897,
1956905,
1956918,
1956960,
1956966,
1956970,
1956996,
1957020,
1957021,
1957023,
1957027,
1957048,
1957058,
1957070,
1957073,
1957080,
1957087,
1957099,
1957100,
1957107,
1957123,
1957130,
1957235,
1957254,
1957268,
1957271,
1957284,
1957307,
1957309,
1957314,
1957326,
1957343,
1957368,
1957377,
1957392,
1957408,
1957417,
1957439,
1957450,
1957460,
1957468,
1957506,
1957507,
1957529,
1957538,
1957539,
1957545,
1957556,
1957572,
1957574,
1957582,
1957588,
1957590,
1957598,
1957613,
1957623,
1957636,
1957643,
1957650,
1957662,
1957689,
1957694,
1957713,
1957724,
1957734,
1957746,
1957753,
1957762,
1957777,
1957778,
1957788,
1957790,
1957809,
1957811,
1957826,
1957830,
1957838,
1957861,
1957862,
1957894,
1957903,
1957906,
1957929,
1957937,
1957938,
1957941,
1957947,
1957955,
1957956,
1957964,
1957968,
1957990,
1957994,
1958004,
1958007,
1958015,
1958022,
1958034,
1958035,
1958041,
1958052,
1958077,
1958114,
1958132,
1958135,
1958154,
1958174,
1958179,
1958180,
1958190,
1958203,
1958210,
1958242,
1958257,
1958264,
1958271,
1958299,
1958303,
1958307,
1958313,
1958319,
1958325,
1958340,
1958378,
1958387,
1958421,
1958430,
1958436,
1958444,
1958445,
1958447,
1958459,
1958470,
1958480,
1958516,
1958527,
1958553,
1958571,
1958572,
1958573,
1958575,
1958582,
1958598,
1958613,
1958618,
1958622,
1958630,
1958639,
1958644,
1958659,
1958662,
1958669,
1958674,
1958683,
1958737,
1958749,
1958750,
1958753,
1958758,
1958773,
1958779,
1958784,
1958813,
1958819,
1958821,
1958822,
1958828,
1958832,
1958835,
1958837,
1958850,
1958854,
1958874,
1958886,
1958890,
1958897,
1958905,
1958909,
1958913,
1958921,
1958936,
1958951,
1958952,
1958992,
1959006,
1959031,
1959038,
1959063,
1959070,
1959076,
1959078,
1959082,
1959088,
1959093,
1959101,
1959109,
1959118,
1959120,
1959137,
1959153,
1959164,
1959167,
1959173,
1959177,
1959181,
1959191,
1959193,
1959197,
1959198,
1959202,
1959205,
1959207,
1959219,
1959238,
1959241,
1959245,
1959255,
1959272,
1959273,
1959285,
1959300,
1959305,
1959339,
1959345,
1959348,
1959350,
1959372,
1959373,
1959394,
1959396,
1959419,
1959433,
1959443,
1959447,
1959450,
1959457,
1959471,
1959490,
1959498,
1959507,
1959511,
1959521,
1959557,
1959558,
1959566,
1959572,
1959586,
1959592,
1959613,
1959625,
1959633,
1959658,
1959661,
1959662,
1959665,
1959671,
1959672,
1959674,
1959705,
1959735,
1959745,
1959751,
1959767,
1959768,
1959775,
1959778,
1959780,
1959823,
1959825,
1959827,
1959834,
1959857,
1959892,
1959899,
1959901,
1959907,
1959911,
1959917,
1959921,
1959929,
1959931,
1959974,
1959977,
1959980,
1959981,
1959991,
1959996,
1960006,
1960009,
1960026,
1960038,
1960064,
1960068,
1960070,
1960083,
1960103,
1960105,
1960119,
1960122,
1960148,
1960150,
1960185,
1960191,
1960198,
1960205,
1960269,
1960278,
1960282,
1960291,
1960298,
1960307,
1960311,
1960312,
1960313,
1960316,
1960320,
1960322,
1960330,
1960338,
1960372,
1960379,
1960384,
1960389,
1960399,
1960405,
1960407,
1960426,
1960443,
1960457,
1960458,
1960466,
1960475,
1960477,
1960478,
1960480,
1960506,
1960562,
1960588,
1960601,
1960603,
1960607,
1960618,
1960634,
1960636,
1960654,
1960660,
1960665,
1960706,
1960721,
1960726,
1960739,
1960760,
1960769,
1960777,
1960778,
1960786,
1960810,
1960820,
1960828,
1960832,
1960855,
1960879,
1960886,
1960894,
1960897,
1960912,
1960916,
1960921,
1960923,
1960929,
1960931,
1960967,
1960993,
1960998,
1961012,
1961017,
1961036,
1961047,
1961048,
1961051,
1961085,
1961099,
1961101,
1961102,
1961114,
1961116,
1961129,
1961149,
1961193,
1961197,
1961249,
1961265,
1961268,
1961274,
1961346,
1961347,
1961369,
1961370,
1961375,
1961376,
1961392,
1961398,
1961418,
1961438,
1961443,
1961459,
1961474,
1961477,
1961486,
1961508,
1961512,
1961519,
1961520,
1961524,
1961573,
1961574,
1961583,
1961587,
1961597,
1961604,
1961605,
1961611,
1961657,
1961661,
1961686,
1961691,
1961694,
1961702,
1961709,
1961715,
1961739,
1961742,
1961746,
1961750,
1961770,
1961783,
1961790,
1961806,
1961809,
1961819,
1961836,
1961843,
1961857,
1961862,
1961882,
1961892,
1961899,
1961923,
1961925,
1961944,
1961946,
1961947,
1961951,
1961955,
1961967,
1961989,
1961995,
1962000,
1962013,
1962014,
1962047,
1962053,
1962069,
1962073,
1962078,
1962087,
1962088,
1962105,
1962110,
1962119,
1962121,
1962122,
1962127,
1962131,
1962172,
1962190,
1962225,
1962237,
1962244,
1962248,
1962268,
1962276,
1962282,
1962290,
1962314,
1962374,
1962375,
1962404,
1962412,
1962415,
1962419,
1962426,
1962432,
1962435,
1962438,
1962450,
1962467,
1962481,
1962496,
1962501,
1962504,
1962512,
1962516,
1962533,
1962539,
1962550,
1962558,
1962562,
1962563,
1962567,
1962572,
1962608,
1962613,
1962631,
1962632,
1962637,
1962650,
1962670,
1962671,
1962698,
1962699,
1962723,
1962727,
1962732,
1962741,
1962742,
1962787,
1962793,
1962804,
1962805,
1962833,
1962838,
1962842,
1962846,
1962886,
1962896,
1962900,
1962903,
1962908,
1962922,
1962927,
1962964,
1962965,
1962977,
1962984,
1962985,
1962996,
1963008,
1963024,
1963025,
1963028,
1963038,
1963040,
1963041,
1963048,
1963065,
1963077,
1963105,
1963106,
1963128,
1963138,
1963141,
1963144,
1963154,
1963156,
1963183,
1963196,
1963198,
1963199,
1963226,
1963268,
1963284,
1963286,
1963304,
1963309,
1963312,
1963321,
1963327,
1963355,
1963360,
1963365,
1963373,
1963398,
1963406,
1963444,
1963466,
1963479,
1963494,
1963502,
1963515,
1963517,
1963522,
1963524,
1963549,
1963588,
1963597,
1963600,
1963627,
1963649,
1963659,
1963663,
1963673,
1963683,
1963690,
1963693,
1963696,
1963713,
1963728,
1963745,
1963755,
1963767,
1963775,
1963785,
1963797,
1963804,
1963811,
1963832,
1963848,
1963857,
1963885,
1963907,
1963933,
1963934,
1963977,
1963991,
1963998,
1963999,
1964010,
1964012,
1964033,
1964049,
1964066,
1964068,
1964133,
1964137,
1964156,
1964190,
1964192,
1964199,
1964214,
1964220,
1964235,
1964286,
1964287,
1964291,
1964316,
1964359,
1964361,
1964364,
1964415,
1964418,
1964421,
1964432,
1964441,
1964449,
1964542,
1964547,
1964555,
1964579,
1964611,
1964614,
1964634,
1964682,
1964709,
1964722,
1964737,
1964738,
1964780,
1964798,
1964800,
1964815,
1964833,
1964846,
1964855,
1964857,
1964901,
1964908,
1964914,
1964919,
1964921,
1964985,
1965002,
1965004,
1965011,
1965019,
1965024,
1965058,
1965063,
1965064,
1965080,
1965085,
1965111,
1965153,
1965184,
1965197,
1965257,
1965359,
1965374,
1965396,
1965430,
1965438,
1965448,
1965519,
1965539,
1965540,
1965584,
1965593,
1965610,
1965613,
1965645,
1965658,
1965667,
1965714,
1965724,
1965752,
1965833,
1965838,
1965843,
1965853,
1965861,
1965885,
1965910,
1965915,
1965919,
1965923,
1965933,
1965935,
1965939,
1965949,
1965957,
1965963,
1965992,
1966099,
1966121,
1966127,
1966142,
1966145,
1966154,
1966166,
1966169,
1966189,
1966201,
1966214,
1966231,
1966257,
1966271,
1966273,
1966292,
1966310,
1966326,
1966335,
1966369,
1966386,
1966401,
1966429,
1966465,
1966479,
1966483,
1966509,
1966510,
1966541,
1966555,
1966558,
1966575,
1966576,
1966579,
1966595,
1966623,
1966628,
1966630,
1966631,
1966644,
1966673,
1966704,
1966717,
1966725,
1966730,
1966749,
1966766,
1966778,
1966781,
1966782,
1966784,
1966802,
1966803,
1966816,
1966822,
1966830,
1966836,
1966868,
1966872,
1966875,
1966904,
1966921,
1966930,
1966948,
1966954,
1966958,
1966989,
1967005,
1967023,
1967063,
1967078,
1967081,
1967112,
1967122,
1967125,
1967147,
1967149,
1967169,
1967178,
1967236,
1967250,
1967256,
1967260,
1967263,
1967269,
1967274,
1967279,
1967286,
1967292,
1967300,
1967309,
1967327,
1967343,
1967356,
1967363,
1967378,
1967409,
1967431,
1967439,
1967456,
1967473,
1967498,
1967559,
1967568,
1967585,
1967589,
1967593,
1967600,
1967621,
1967629,
1967634,
1967640,
1967668,
1967693,
1967694,
1967695,
1967701,
1967707,
1967726,
1967737,
1967762,
1967797,
1967827,
1969041,
1969245,
1969251,
1969275,
1969280,
1969339,
1969340,
1969345,
1969346,
1969365,
1969387,
1969392,
1969416,
1969421,
1969455,
1969467,
1969474,
1969496,
1969498,
1969500,
1969516,
1969526,
1969540,
1969552,
1969555,
1969567,
1969590,
1969594,
1969629,
1969635,
1969641,
1969651,
1969660,
1969663,
1969674,
1969675,
1969686,
1969695,
1969770,
1969774,
1969783,
1969787,
1969790,
1969802,
1969813,
1969817,
1969823,
1969831,
1969842,
1969855,
1969856,
1969862,
1969884,
1969888,
1969893,
1969926,
1969979,
1969998,
1970006,
1970056,
1970077,
1970095,
1970096,
1970099,
1970107,
1970115,
1970123,
1970124,
1970125,
1970143,
1970170,
1970176,
1970178,
1970193,
1970209,
1970293,
1970295,
1970307,
1970334,
1970339,
1970346,
1970351,
1970376,
1970382,
1970384,
1970389,
1970407,
1970424,
1970461,
1970463,
1970485,
1970511,
1970538,
1970544,
1970598,
1970611,
1970613,
1970631,
1970637,
1970704,
1970709,
1970711,
1970783,
1970791,
1970801,
1970818,
1970819,
1970827,
1970853,
1970860,
1970861,
1970869,
1970882,
1970884,
1970893,
1970905,
1970914,
1970936,
1970962,
1970973,
1971018,
1971039,
1971052,
1971087,
1971101,
1971189,
1971273,
1971277,
1971283,
1971313,
1971325,
1971346,
1971350,
1971366,
1971370,
1971403,
1971413,
1971415,
1971459,
1971505,
1971528,
1971546,
1971548,
1971551,
1971574,
1971580,
1971603,
1971606,
1971611,
1971624,
1971655,
1971671,
1971690,
1971732,
1971733,
1971736,
1971741,
1971763,
1971786,
1971833,
1971836,
1971878,
1971888,
1971898,
1971916,
1971919,
1971930,
1971934,
1971954,
1971974,
1971982,
1971996,
1971998,
1972024,
1972032,
1972037,
1972081,
1972090,
1972099,
1972112,
1972129,
1972131,
1972146,
1972153,
1972178,
1972191,
1972219,
1972225,
1972228,
1972237,
1972252,
1972260,
1972282,
1972290,
1972345,
1972356,
1972362,
1972380,
1972381,
1972407,
1972409,
1972413,
1972447,
1972479,
1972480,
1972481,
1972493,
1972500,
1972515,
1972517,
1972518,
1972582,
1972634,
1972640,
1972658,
1972668,
1972669,
1972675,
1972704,
1972714,
1972742,
1972795,
1972833,
1972847,
1972857,
1972936,
1972957,
1972971,
1973018,
1973025,
1973053,
1973059,
1973068,
1973095,
1973104,
1973111,
1973146,
1973165,
1973167,
1973192,
1973229,
1973247,
1973254,
1973266,
1973270,
1973274,
1973276,
1973301,
1973310,
1973329,
1973332,
1973334,
1973352,
1973361,
1973368,
1973409,
1973425,
1973432,
1973434,
1973458,
1973461,
1973472,
1973475,
1973479,
1973486,
1973499,
1973504,
1973509,
1973511,
1973514,
1973563,
1973572,
1973580,
1973587,
1973592,
1973596,
1973603,
1973626,
1973634,
1973646,
1973650,
1973662,
1973681,
1973694,
1973698,
1973710,
1973727,
1973732,
1973734,
1973740,
1973745,
1973754,
1973756,
1973769,
1973786,
1973797,
1973798,
1973805,
1973822,
1973829,
1973836,
1973841,
1973848,
1973877,
1973887,
1973904,
1973912,
1973952,
1973961,
1973983,
1973984,
1974000,
1974053,
1974062,
1974065,
1974087,
1974088,
1974090,
1974093,
1974098,
1974100,
1974113,
1974151,
1974170,
1974187,
1974190,
1974196,
1974217,
1974219,
1974220,
1974225,
1974232,
1974245,
1974257,
1974267,
1974268,
1974272,
1974326,
1974353,
1974362,
1974364,
1974365,
1974368,
1974388,
1974405,
1974412,
1974426,
1974443,
1974446,
1974478,
1974489,
1974508,
1974514,
1974517,
1974530,
1974547,
1974554,
1974596,
1974629,
1974724,
1974762,
1974809,
1974817,
1974834,
1974844,
1974864,
1974894,
1974932,
1974976,
1974980,
1974984,
1975001,
1975016,
1975081,
1975091,
1975120,
1975136,
1975152,
1975188,
1975194,
1975208,
1975216,
1975221,
1975229,
1975250,
1975253,
1975274,
1975277,
1975297,
1975312,
1975345,
1975363,
1975371,
1975379,
1975402,
1975405,
1975415,
1975417,
1975434,
1975444,
1975451,
1975458,
1975488,
1975498,
1975502,
1975507,
1975523,
1975533,
1975538,
1975567,
1975581,
1975593,
1975601,
1975611,
1975618,
1975622,
1975639,
1975640,
1975658,
1975678,
1975680,
1975681,
1975703,
1975704,
1975708,
1975720,
1975731,
1975779,
1975799,
1975802,
1975830,
1975836,
1975844,
1975877,
1975890,
1975893,
1975894,
1975904,
1975907,
1975918,
1975936,
1975974,
1975984,
1975986,
1976007,
1976026,
1976029,
1976031,
1976034,
1976045,
1976050,
1976058,
1976071,
1976075,
1976081,
1976084,
1976094,
1976109,
1976115,
1976120,
1976146,
1976151,
1976155,
1976169,
1976171,
1976201,
1976226,
1976234,
1976248,
1976266,
1976278,
1976302,
1976312,
1976318,
1976337,
1976341,
1976348,
1976349,
1976370,
1976378,
1976390,
1976399,
1976401,
1976412,
1976419,
1976436,
1976450,
1976454,
1976474,
1976475,
1976497,
1976502,
1976504,
1976508,
1976510,
1976529,
1976534,
1976541,
1976545,
1976547,
1976564,
1976576,
1976584,
1976616,
1976619,
1976639,
1976640,
1976647,
1976657,
1976683,
1976689,
1976718,
1976726,
1976744,
1976752,
1976753,
1976766,
1976803,
1976806,
1976816,
1976824,
1976834,
1976846,
1976847,
1976859,
1976867,
1976883,
1976919,
1976925,
1976931,
1976952,
1976955,
1976985,
1976988,
1977016,
1977025,
1977046,
1977057,
1977066,
1977070,
1977078,
1977083,
1977085,
1977099,
1977102,
1977109,
1977119,
1977121,
1977125,
1977131,
1977132,
1977155,
1977160,
1977162,
1977174,
1977194,
1977195,
1977216,
1977221,
1977247,
1977270,
1977271,
1977274,
1977278,
1977299,
1977315,
1977339,
1977343,
1977347,
1977383,
1977401,
1977405,
1977409,
1977413,
1977419,
1977425,
1977428,
1977439,
1977443,
1977444,
1977453,
1977457,
1977463,
1977468,
1977482,
1977483,
1977503,
1977508,
1977509,
1977532,
1977534,
1977544,
1977550,
1977556,
1977557,
1977576,
1977583,
1977585,
1977587,
1977590,
1977591,
1977608,
1977611,
1977614,
1977632,
1977661,
1977674,
1977685,
1977689,
1977693,
1977696,
1977708,
1977751,
1977755,
1977758,
1977771,
1977777,
1977780,
1977805,
1977817,
1977823,
1977850,
1977860,
1977861,
1977884,
1977891,
1977901,
1977903,
1977906,
1977908,
1977911,
1977922,
1977924,
1977951,
1977974,
1978046,
1978052,
1978055,
1978059,
1978080,
1978093,
1978094,
1978102,
1978113,
1978117,
1978138,
1978163,
1978173,
1978180,
1978209,
1978211,
1978228,
1978236,
1978267,
1978274,
1978280,
1978293,
1978301,
1978320,
1978341,
1978351,
1978353,
1978409,
1978417,
1978443,
1978452,
1978488,
1978498,
1978505,
1978506,
1978513,
1978514,
1978531,
1978545,
1978575,
1978590,
1978597,
1978629,
1978635,
1978645,
1978657,
1978663,
1978666,
1978668,
1978669,
1978671,
1978693,
1978707,
1978727,
1978745,
1978755,
1978757,
1978759,
1978764,
1978773,
1978810,
1978813,
1978819,
1978823,
1978833,
1978846,
1978854,
1978859,
1978866,
1978873,
1978883,
1978886,
1978900,
1978901,
1978902,
1978904,
1978905,
1978907,
1978930,
1978932,
1978934,
1978936,
1978957,
1978965,
1978968,
1978969,
1978975,
1978977,
1978991,
1979014,
1979025,
1979043,
1979050,
1979055,
1979086,
1979089,
1979105,
1979121,
1979130,
1979134,
1979146,
1979150,
1979154,
1979177,
1979195,
1979199,
1979208,
1979211,
1979231,
1979242,
1979247,
1979253,
1979262,
1979266,
1979276,
1979282,
1979290,
1979296,
1979298,
1979299,
1979301,
1979304,
1979312,
1979317,
1979333,
1979360,
1979378,
1979381,
1979386,
1979402,
1979430,
1979440,
1979455,
1979468,
1979476,
1979487,
1979493,
1979494,
1979497,
1979506,
1979532,
1979538,
1979563,
1979573,
1979576,
1979577,
1979582,
1979596,
1979605,
1979618,
1979630,
1979647,
1979648,
1979651,
1979657,
1979683,
1979688,
1979699,
1979706,
1979709,
1979755,
1979769,
1979783,
1979784,
1979789,
1979796,
1979827,
1979828,
1979839,
1979891,
1979926,
1979935,
1979937,
1979949,
1979950,
1979981,
1980002,
1980019,
1980034,
1980041,
1980042,
1980060,
1980061,
1980065,
1980082,
1980094,
1980096,
1980110,
1980118,
1980123,
1980136,
1980176,
1980186,
1980192,
1980204,
1980210,
1980212,
1980214,
1980215,
1980230,
1980269,
1980274,
1980278,
1980294,
1980300,
1980321,
1980326,
1980335,
1980352,
1980363,
1980365,
1980399,
1980438,
1980441,
1980451,
1980467,
1980468,
1980471,
1980528,
1980531,
1980540,
1980559,
1980563,
1980564,
1980585,
1980596,
1980597,
1980598,
1980607,
1980630,
1980653,
1980657,
1980658,
1980676,
1980705,
1980709,
1980719,
1980725,
1980728,
1980754,
1980761,
1980781,
1980794,
1980809,
1980819,
1980852,
1980873,
1980876,
1980877,
1980891,
1980892,
1980909,
1980918,
1980919,
1980920,
1980930,
1980933,
1980949,
1980966,
1980970,
1980990,
1981032,
1981035,
1981051,
1981057,
1981058,
1981066,
1981080,
1981090,
1981106,
1981119,
1981122,
1981126,
1981129,
1981130,
1981147,
1981149,
1981161,
1981174,
1981186,
1981196,
1981334,
1981339,
1981347,
1981348,
1981360,
1981363,
1981365,
1981370,
1981380,
1981389,
1981401,
1981430,
1981431,
1981440,
1981441,
1981448,
1981473,
1981476,
1981479,
1981480,
1981481,
1981495,
1981497,
1981519,
1981537,
1981543,
1981545,
1981547,
1981551,
1981553,
1981590,
1981603,
1981610,
1981614,
1981616,
1981623,
1981629,
1981637,
1981639,
1981648,
1981650,
1981660,
1981679,
1981691,
1981694,
1981716,
1981728,
1981777,
1981804,
1981810,
1981827,
1981849,
1981851,
1981881,
1981901,
1981912,
1981921,
1981928,
1981950,
1981956,
1981965,
1981970,
1981999,
1982020,
1982026,
1982031,
1982051,
1982064,
1982114,
1982120,
1982157,
1982183,
1982184,
1982185,
1982188,
1982198,
1982200,
1982220,
1982225,
1982229,
1982234,
1982241,
1982244,
1982259,
1982261,
1982263,
1982266,
1982271,
1982277,
1982279,
1982290,
1982291,
1982305,
1982312,
1982315,
1982317,
1982323,
1982324,
1982331,
1982335,
1982336,
1982338,
1982360,
1982368,
1982375,
1982376,
1982408,
1982410,
1982415,
1982433,
1982439,
1982441,
1982446,
1982449,
1982467,
1982472,
1982474,
1982480,
1982482,
1982495,
1982507,
1982513,
1982515,
1982519,
1982534,
1982539,
1982542,
1982549,
1982552,
1982554,
1982564,
1982582,
1982585,
1982599,
1982600,
1982602,
1982603,
1982605,
1982612,
1982633,
1982637,
1982643,
1982685,
1982696,
1982700,
1982713,
1982722,
1982726,
1982730,
1982740,
1982742,
1982744,
1982746,
1982754,
1982755,
1982766,
1982769,
1982775,
1982782,
1982807,
1982813,
1982822,
1982838,
1982839,
1982845,
1982851,
1982852,
1982853,
1982880,
1982891,
1982894,
1982905,
1982911,
1982913,
1982925,
1982930,
1982956,
1982960,
1982976,
1982979,
1982982,
1982987,
1982993,
1982998,
1983001,
1983017,
1983024,
1983044,
1983053,
1983062,
1983064,
1983065,
1983072,
1983088,
1983089,
1983114,
1983143,
1983172,
1983187,
1983189,
1983192,
1983198,
1983202,
1983203,
1983209,
1983214,
1983220,
1983239,
1983255,
1983270,
1983287,
1983292,
1983309,
1983315,
1983322,
1983330,
1983363,
1983374,
1983379,
1983380,
1983381,
1983385,
1983395,
1983407,
1983411,
1983416,
1983427,
1983433,
1983439,
1983442,
1983443,
1983448,
1983459,
1983468,
1983470,
1983473,
1983484,
1983499,
1983512,
1983519,
1983524,
1983526,
1983566,
1983569,
1983591,
1983632,
1983637,
1983651,
1983652,
1983663,
1983666,
1983682,
1983723,
1983746,
1983747,
1983758,
1983768,
1983780,
1983790,
1983792,
1983832,
1983839,
1983856,
1983883,
1983890,
1983891,
1983895,
1983904,
1983919,
1983928,
1983960,
1983965,
1983969,
1983970,
1983985,
1983996,
1984000,
1984006,
1984015,
1984020,
1984042,
1984047,
1984066,
1984088,
1984104,
1984107,
1984118,
1984120,
1984131,
1984139,
1984144,
1984160,
1984185,
1984189,
1984200,
1984228,
1984254,
1984257,
1984272,
1984299,
1984303,
1984324,
1984328,
1984345,
1984351,
1984354,
1984356,
1984360,
1984379,
1984422,
1984429,
1984438,
1984439,
1984459,
1984460,
1984472,
1984487,
1984511,
1984532,
1984559,
1984569,
1984584,
1984596,
1984601,
1984602,
1984603,
1984621,
1984633,
1984722,
1984733,
1984756,
1984761,
1984784,
1984792,
1984796,
1984815,
1984841,
1984852,
1984859,
1984860,
1984874,
1984894,
1984897,
1984905,
1984914,
1984915,
1984917,
1984932,
1984937,
1984946,
1984950,
1984955,
1984994,
1985012,
1985022,
1985027,
1985030,
1985060,
1985063,
1985066,
1985077,
1985082,
1985083,
1985087,
1985094,
1985097,
1985098,
1985107,
1985112,
1985151,
1985163,
1985195,
1985207,
1985218,
1985246,
1985248,
1985250,
1985251,
1985265,
1985266,
1985272,
1985273,
1985281,
1985287,
1985299,
1985312,
1985339,
1985348,
1985359,
1985372,
1985388,
1985390,
1985396,
1985397,
1985402,
1985412,
1985418,
1985485,
1985495,
1985501,
1985512,
1985516,
1985543,
1985558,
1985561,
1985565,
1985566,
1985569,
1985574,
1985582,
1985589,
1985593,
1985596,
1985597,
1985600,
1985607,
1985615,
1985648,
1985663,
1985687,
1985688,
1985692,
1985733,
1985738,
1985750,
1985762,
1985792,
1985797,
1985798,
1985801,
1985809,
1985842,
1985844,
1985846,
1985869,
1985873,
1985882,
1985883,
1985884,
1985895,
1985898,
1985900,
1985901,
1985908,
1985917,
1985926,
1985931,
1985945,
1985955,
1985976,
1985989,
1986011,
1986032,
1986036,
1986060,
1986080,
1986084,
1986085,
1986088,
1986105,
1986111,
1986128,
1986133,
1986135,
1986138,
1986144,
1986146,
1986169,
1986177,
1986179,
1986183,
1986197,
1986198,
1986208,
1986219,
1986220,
1986221,
1986231,
1986288,
1986291,
1986294,
1986305,
1986314,
1986316,
1986350,
1986351,
1986355,
1986356,
1986379,
1986393,
1986396,
1986402,
1986403,
1986405,
1986412,
1986414,
1986415,
1986418,
1986431,
1986456,
1986469,
1986478,
1986491,
1986508,
1986535,
1986541,
1986561,
1986579,
1986580,
1986582,
1986583,
1986593,
1986601,
1986608,
1986615,
1986626,
1986643,
1986644,
1986653,
1986661,
1986666,
1986670,
1986692,
1986694,
1986707,
1986721,
1986730,
1986737,
1986746,
1986761,
1986767,
1986777,
1986817,
1986819,
1986830,
1986835,
1986842,
1986850,
1986859,
1986860,
1986862,
1986864,
1986886,
1986889,
1986892,
1986894,
1986912,
1986918,
1986938,
1986939,
1986953,
1987015,
1987016,
1987022,
1987048,
1987051,
1987066,
1987069,
1987088,
1987107,
1987114,
1987132,
1987162,
1987166,
1987172,
1987188,
1987190,
1987193,
1987205,
1987215,
1987228,
1987286,
1987306,
1987307,
1987310,
1987365,
1987368,
1987371,
1987389,
1987401,
1987409,
1987414,
1987415,
1987443,
1987447,
1987455,
1987468,
1987487,
1987491,
1987494,
1987504,
1987507,
1987520,
1987521,
1987526,
1987558,
1987572,
1987590,
1987603,
1987609,
1987630,
1987651,
1987655,
1987677,
1987704,
1987735,
1987738,
1987756,
1987764,
1987783,
1987786,
1987809,
1987815,
1987844,
1987847,
1987870,
1987871,
1987883,
1987896,
1987898,
1987911,
1987921,
1987925,
1987926,
1987982,
1987983,
1988017,
1988018,
1988033,
1988053,
1988058,
1988061,
1988097,
1988112,
1988119,
1988129,
1988130,
1988132,
1988135,
1988136,
1988153,
1988159,
1988169,
1988172,
1988181,
1988196,
1988200,
1988205,
1988211,
1988223,
1988225,
1988233,
1988261,
1988285,
1988290,
1988295,
1988297,
1988299,
1988300,
1988301,
1988303,
1988311,
1988320,
1988324,
1988335,
1988348,
1988349,
1988364,
1988368,
1988397,
1988406,
1988407,
1988408,
1988435,
1988441,
1988448,
1988456,
1988460,
1988465,
1988471,
1988473,
1988477,
1988484,
1988488,
1988505,
1988515,
1988519,
1988538,
1988542,
1988559,
1988575,
1988590,
1988608,
1988615,
1988635,
1988640,
1988644,
1988666,
1988668,
1988677,
1988695,
1988702,
1988705,
1988738,
1988739,
1988744,
1988792,
1988804,
1988823,
1988833,
1988848,
1988862,
1988870,
1988877,
1988894,
1988905,
1988938,
1988942,
1988951,
1988961,
1988962,
1988978,
1988986,
1989020,
1989034,
1989044,
1989108,
1989114,
1989115,
1989128,
1989140,
1989150,
1989156,
1989170,
1989186,
1989188,
1989195,
1989220,
1989221,
1989273,
1989279,
1989295,
1989307,
1989309,
1989311,
1989328,
1989340,
1989343,
1989348,
1989354,
1989364,
1989369,
1989399,
1989413,
1989439,
1989451,
1989473,
1989477,
1989503,
1989509,
1989511,
1989525,
1989545,
1989555,
1989558,
1989562,
1989571,
1989603,
1989663,
1989665,
1989714,
1989742,
1989758,
1989769,
1989806,
1989815,
1989823,
1989825,
1989850,
1989861,
1989870,
1989871,
1989888,
1989898,
1989907,
1989914,
1989928,
1989932,
1989933,
1989940,
1989965,
1989968,
1989980,
1989991,
1990005,
1990019,
1990024,
1990027,
1990045,
1990057,
1990092,
1990097,
1990105,
1990129,
1990136,
1990155,
1990160,
1990200,
1990221,
1990223,
1990230,
1990248,
1990252,
1990253,
1990278,
1990286,
1990292,
1990297,
1990312,
1990322,
1990326,
1990337,
1990340,
1990368,
1990371,
1990376,
1990395,
1990408,
1990412,
1990431,
1990527,
1990586,
1990596,
1990597,
1990607,
1990646,
1990652,
1990675,
1990687,
1990693,
1990703,
1990724,
1990762,
1990766,
1990767,
1990771,
1990795,
1990815,
1990883,
1990894,
1990900,
1990902,
1990905,
1990916,
1990925,
1990926,
1990941,
1990943,
1990996,
1991002,
1991017,
1991020,
1991021,
1991036,
1991049,
1991053,
1991067,
1991086,
1991090,
1991091,
1991092,
1991097,
1991099,
1991122,
1991130,
1991141,
1991209,
1991211,
1991212,
1991214,
1991224,
1991231,
1991261,
1991281,
1991287,
1991301,
1991306,
1991330,
1991375,
1991390,
1991459,
1991485,
1991491,
1991498,
1991506,
1991509,
1991511,
1991519,
1991526,
1991570,
1991579,
1991602,
1991643,
1991646,
1991658,
1991683,
1991693,
1991696,
1991701,
1991709,
1991726,
1991731,
1991743,
1991745,
1991779,
1991793,
1991806,
1991815,
1991833,
1991834,
1991868,
1991877,
1991880,
1991884,
1991941,
1991945,
1991957,
1991985,
1991988,
1991991,
1991995,
1991999,
1992009,
1992030,
1992063,
1992093,
1992099,
1992103,
1992113,
1992122,
1992123,
1992146,
1992156,
1992212,
1992235,
1992247,
1992279,
1992284,
1992287,
1992288,
1992313,
1992314,
1992320,
1992321,
1992343,
1992362,
1992367,
1992376,
1992387,
1992405,
1992427,
1992440,
1992444,
1992456,
1992460,
1992461,
1992468,
1992485,
1992492,
1992497,
1992505,
1992515,
1992539,
1992541,
1992567,
1992570,
1992576,
1992593,
1992594,
1992597,
1992607,
1992618,
1992629,
1992631,
1992639,
1992654,
1992673,
1992686,
1992692,
1992698,
1992710,
1992720,
1992727,
1992731,
1992748,
1992752,
1992756,
1992758,
1992760,
1992770,
1992782,
1992786,
1992814,
1992827,
1992832,
1992840,
1992885,
1992922,
1992924,
1992931,
1992939,
1992940,
1992945,
1992958,
1992959,
1992983,
1993017,
1993027,
1993030,
1993058,
1993092,
1993119,
1993135,
1993137,
1993143,
1993158,
1993165,
1993173,
1993197,
1993199,
1993214,
1993217,
1993225,
1993240,
1993244,
1993245,
1993277,
1993279,
1993287,
1993292,
1993325,
1993331,
1993333,
1993339,
1993351,
1993360,
1993362,
1993367,
1993369,
1993373,
1993377,
1993386,
1993402,
1993408,
1993416,
1993445,
1993447,
1993457,
1993466,
1993472,
1993490,
1993494,
1993496,
1993498,
1993499,
1993522,
1993537,
1993542,
1993554,
1993566,
1993569,
1993575,
1993590,
1993596,
1993603,
1993624,
1993628,
1993629,
1993633,
1993639,
1993640,
1993667,
1993676,
1993684,
1993692,
1993694,
1993699,
1993702,
1993713,
1993735,
1993738,
1993747,
1993762,
1993765,
1993782,
1993794,
1993818,
1993821,
1993837,
1993862,
1993873,
1993874,
1993877,
1993878,
1993893,
1993894,
1993907,
1993910,
1993917,
1993964,
1993970,
1993976,
1993983,
1993988,
1993998,
1994004,
1994011,
1994026,
1994056,
1994075,
1994076,
1994081,
1994092,
1994095,
1994097,
1994098,
1994105,
1994129,
1994134,
1994140,
1994147,
1994148,
1994175,
1994179,
1994191,
1994208,
1994225,
1994230,
1994247,
1994248,
1994250,
1994267,
1994268,
1994273,
1994291,
1994300,
1994316,
1994323,
1994326,
1994359,
1994363,
1994388,
1994389,
1994398,
1994403,
1994455,
1994479,
1994486,
1994490,
1994494,
1994499,
1994510,
1994535,
1994536,
1994548,
1994557,
1994564,
1994603,
1994636,
1994643,
1994648,
1994654,
1994670,
1994681,
1994685,
1994695,
1994698,
1994705,
1994708,
1994723,
1994727,
1994737,
1994757,
1994778,
1994804,
1994807,
1994818,
1994824,
1994853,
1994854,
1994860,
1994872,
1994879,
1994921,
1994941,
1994944,
1994963,
1994979,
1995000,
1995012,
1995028,
1995032,
1995034,
1995058,
1995062,
1995074,
1995085,
1995098,
1995102,
1995122,
1995167,
1995171,
1995204,
1995206,
1995223,
1995225,
1995228,
1995239,
1995253,
1995258,
1995262,
1995270,
1995280,
1995294,
1995319,
1995343,
1995355,
1995356,
1995405,
1995408,
1995409,
1995450,
1995460,
1995469,
1995479,
1995486,
1995530,
1995538,
1995541,
1995544,
1995550,
1995577,
1995591,
1995596,
1995599,
1995606,
1995610,
1995619,
1995646,
1995651,
1995661,
1995664,
1995674,
1995685,
1995686,
1995690,
1995698,
1995699,
1995705,
1995723,
1995728,
1995740,
1995746,
1995763,
1995776,
1995777,
1995784,
1995814,
1995816,
1995832,
1995834,
1995857,
1995858,
1995863,
1995890,
1995919,
1995922,
1995933,
1995941,
1995943,
1996017,
1996033,
1996042,
1996048,
1996049,
1996066,
1996086,
1996099,
1996100,
1996103,
1996121,
1996141,
1996158,
1996161,
1996168,
1996178,
1996309,
1996359,
1996669,
1996723,
1996732,
1996758,
1996759,
1996760,
1996779,
1996787,
1996789,
1996809,
1996816,
1996867,
1996876,
1996882,
1996883,
1996910,
1996913,
1996930,
1996935,
1996949,
1996957,
1996967,
1996969,
1996977,
1996980,
1996986,
1997008,
1997020,
1997025,
1997039,
1997055,
1997085,
1997118,
1997124,
1997144,
1997155,
1997162,
1997172,
1997174,
1997176,
1997177,
1997187,
1997192,
1997202,
1997214,
1997221,
1997228,
1997232,
1997254,
1997277,
1997285,
1997306,
1997321,
1997350,
1997355,
1997357,
1997392,
1997395,
1997396,
1997418,
1997421,
1997428,
1997435,
1997437,
1997447,
1997454,
1997462,
1997478,
1997481,
1997495,
1997497,
1997503,
1997506,
1997514,
1997542,
1997551,
1997561,
1997575,
1997580,
1997583,
1997599,
1997612,
1997621,
1997631,
1997635,
1997639,
1997640,
1997652,
1997690,
1997693,
1997697,
1997703,
1997706,
1997708,
1997717,
1997725,
1997728,
1997740,
1997757,
1997758,
1997762,
1997765,
1997782,
1997794,
1997796,
1997820,
1997822,
1997842,
1997848,
1997851,
1997854,
1997863,
1997881,
1997885,
1997890,
1997913,
1997935,
1997945,
1997947,
1997961,
1997978,
1997983,
1997989,
1997996,
1997998,
1998011,
1998045,
1998050,
1998058,
1998069,
1998070,
1998071,
1998095,
1998116,
1998121,
1998140,
1998162,
1998172,
1998194,
1998203,
1998204,
1998210,
1998215,
1998217,
1998260,
1998261,
1998290,
1998293,
1998317,
1998346,
1998350,
1998364,
1998377,
1998397,
1998418,
1998420,
1998422,
1998433,
1998435,
1998437,
1998439,
1998450,
1998456,
1998459,
1998462,
1998467,
1998471,
1998482,
1998490,
1998492,
1998495,
1998497,
1998528,
1998555,
1998591,
1998616,
1998619,
1998638,
1998642,
1998653,
1998654,
1998661,
1998707,
1998713,
1998734,
1998751,
1998763,
1998768,
1998791,
1998810,
1998811,
1998812,
1998859,
1998874,
1998891,
1998943,
1998946,
1998947,
1998953,
1998960,
1998962,
1998963,
1998979,
1999005,
1999008,
1999031,
1999036,
1999039,
1999049,
1999060,
1999066,
1999070,
1999078,
1999101,
1999102,
1999113,
1999159,
1999162,
1999174,
1999177,
1999198,
1999199,
1999220,
1999251,
1999269,
1999282,
1999292,
1999308,
1999310,
1999316,
1999332,
1999336,
1999338,
1999348,
1999351,
1999353,
1999373,
1999398,
1999420,
1999421,
1999422,
1999431,
1999437,
1999443,
1999480,
1999519,
1999522,
1999524,
1999526,
1999527,
1999546,
1999565,
1999576,
1999587,
1999589,
1999619,
1999621,
1999633,
1999660,
1999675,
1999694,
1999706,
1999736,
1999738,
1999748,
1999750,
1999763,
1999771,
1999773,
1999817,
1999824,
1999834,
1999849,
1999859,
1999862,
1999888,
1999894,
1999906,
1999911,
1999923,
1999936,
1999940,
2000002,
2000025,
2000032,
2000034,
2000043,
2000049,
2000064,
2000094,
2000098,
2000115,
2000121,
2000124,
2000134,
2000142,
2000151,
2000155,
2000161,
2000164,
2000186,
2000204,
2000219,
2000222,
2000230,
2000239,
2000244,
2000287,
2000318,
2000319,
2000325,
2000328,
2000330,
2000345,
2000347,
2000351,
2000360,
2000366,
2000382,
2000395,
2000421,
2000431,
2000432,
2000433,
2000434,
2000442,
2000469,
2000488,
2000503,
2000520,
2000533,
2000552,
2000561,
2000570,
2000572,
2000584,
2000598,
2000599,
2000603,
2000623,
2000631,
2000652,
2000654,
2000668,
2000674,
2000693,
2000704,
2000716,
2000725,
2000746,
2000753,
2000764,
2000775,
2000776,
2000817,
2000825,
2000832,
2000835,
2000850,
2000851,
2000855,
2000857,
2000862,
2000868,
2000886,
2000887,
2000897,
2000899,
2000902,
2000912,
2000920,
2000928,
2000940,
2000944,
2000969,
2000971,
2000984,
2000998,
2001004,
2001011,
2001013,
2001014,
2001026,
2001035,
2001037,
2001043,
2001055,
2001085,
2001088,
2001091,
2001093,
2001095,
2001099,
2001106,
2001108,
2001112,
2001117,
2001134,
2001174,
2001176,
2001192,
2001211,
2001212,
2001216,
2001234,
2001245,
2001247,
2001268,
2001272,
2001284,
2001287,
2001290,
2001293,
2001311,
2001321,
2001330,
2001375,
2001380,
2001381,
2001398,
2001404,
2001419,
2001428,
2001431,
2001433,
2001437,
2001467,
2001478,
2001484,
2001489,
2001502,
2001503,
2001508,
2001536,
2001539,
2001549,
2001555,
2001558,
2001564,
2001587,
2001591,
2001601,
2001605,
2001611,
2001622,
2001625,
2001628,
2001632,
2001641,
2001655,
2001664,
2001675,
2001699,
2001703,
2001707,
2001723,
2001725,
2001727,
2001728,
2001746,
2001786,
2001830,
2001833,
2001834,
2001840,
2001843,
2001864,
2001866,
2001904,
2001907,
2001909,
2001932,
2001961,
2001963,
2001974,
2001986,
2001993,
2001998,
2002019,
2002025,
2002031,
2002035,
2002040,
2002043,
2002048,
2002052,
2002062,
2002070,
2002075,
2002101,
2002118,
2002125,
2002127,
2002135,
2002142,
2002151,
2002158,
2002165,
2002178,
2002179,
2002187,
2002197,
2002198,
2002201,
2002205,
2002228,
2002236,
2002272,
2002279,
2002295,
2002297,
2002329,
2002339,
2002367,
2002379,
2002400,
2002406,
2002407,
2002420,
2002440,
2002480,
2002487,
2002516,
2002534,
2002536,
2002559,
2002560,
2002561,
2002567,
2002571,
2002580,
2002602,
2002618,
2002642,
2002649,
2002654,
2002660,
2002670,
2002683,
2002693,
2002709,
2002713,
2002728,
2002737,
2002745,
2002762,
2002772,
2002773,
2002796,
2002799,
2002806,
2002814,
2002833,
2002842,
2002847,
2002855,
2002862,
2002869,
2002880,
2002894,
2002904,
2002927,
2002928,
2002937,
2002943,
2002954,
2002971,
2002977,
2002982,
2002983,
2002985,
2002987,
2002988,
2003000,
2003013,
2003016,
2003049,
2003059,
2003060,
2003066,
2003082,
2003084,
2003086,
2003098,
2003118,
2003129,
2003141,
2003150,
2003159,
2003172,
2003177,
2003178,
2003190,
2003197,
2003201,
2003204,
2003232,
2003235,
2003246,
2003250,
2003253,
2003281,
2003287,
2003298,
2003300,
2003316,
2003326,
2003331,
2003352,
2003356,
2003362,
2003367,
2003386,
2003397,
2003405,
2003414,
2003416,
2003424,
2003435,
2003438,
2003442,
2003448,
2003450,
2003451,
2003461,
2003474,
2003479,
2003487,
2003490,
2003497,
2003509,
2003510,
2003515,
2003526,
2003550,
2003555,
2003566,
2003572,
2003577,
2003586,
2003594,
2003596,
2003599,
2003605,
2003607,
2003608,
2003627,
2003630,
2003638,
2003668,
2003670,
2003693,
2003707,
2003708,
2003721,
2003726,
2003730,
2003737,
2003738,
2003743,
2003755,
2003757,
2003763,
2003772,
2003776,
2003781,
2003793,
2003800,
2003801,
2003808,
2003842,
2003860,
2003861,
2003878,
2003883,
2003910,
2003928,
2003929,
2003933,
2003934,
2003946,
2003948,
2003954,
2003957,
2003976,
2003989,
2003990,
2004001,
2004013,
2004022,
2004035,
2004038,
2004042,
2004048,
2004055,
2004065,
2004071,
2004075,
2004078,
2004137,
2004142,
2004143,
2004150,
2004166,
2004179,
2004187,
2004191,
2004196,
2004219,
2004224,
2004270,
2004285,
2004294,
2004295,
2004297,
2004298,
2004302,
2004314,
2004315,
2004328,
2004330,
2004336,
2004340,
2004350,
2004356,
2004373,
2004382,
2004384,
2004385,
2004400,
2004406,
2004414,
2004421,
2004431,
2004436,
2004464,
2004470,
2004475,
2004497,
2004518,
2004519,
2004526,
2004541,
2004545,
2004550,
2004565,
2004586,
2004596,
2004598,
2004622,
2004629,
2004649,
2004658,
2004660,
2004671,
2004688,
2004694,
2004697,
2004713,
2004715,
2004722,
2004725,
2004729,
2004738,
2004760,
2004773,
2004777,
2004797,
2004808,
2004813,
2004815,
2004869,
2004870,
2004878,
2004881,
2004889,
2004895,
2004906,
2004910,
2004931,
2004959,
2004967,
2004974,
2004986,
2005000,
2005023,
2005029,
2005042,
2005056,
2005057,
2005061,
2005062,
2005063,
2005072,
2005092,
2005100,
2005105,
2005106,
2005122,
2005127,
2005131,
2005134,
2005135,
2005142,
2005145,
2005154,
2005155,
2005159,
2005173,
2005174,
2005181,
2005183,
2005195,
2005228,
2005231,
2005255,
2005265,
2005297,
2005302,
2005304,
2005309,
2005346,
2005351,
2005361,
2005402,
2005411,
2005418,
2005421,
2005428,
2005449,
2005463,
2005469,
2005472,
2005478,
2005493,
2005499,
2005501,
2005505,
2005511,
2005517,
2005518,
2005526,
2005530,
2005538,
2005543,
2005551,
2005553,
2005555,
2005561,
2005564,
2005569,
2005578,
2005591,
2005597,
2005600,
2005623,
2005626,
2005640,
2005647,
2005651,
2005655,
2005663,
2005687,
2005700,
2005719,
2005746,
2005747,
2005758,
2005785,
2005800,
2005804,
2005812,
2005827,
2005834,
2005841,
2005845,
2005867,
2005893,
2005899,
2005905,
2005911,
2005913,
2005920,
2005933,
2005934,
2005941,
2005949,
2005968,
2005970,
2005972,
2005989,
2005995,
2006001,
2006011,
2006027,
2006050,
2006051,
2006059,
2006064,
2006072,
2006087,
2006096,
2006117,
2006120,
2006121,
2006124,
2006125,
2006128,
2006131,
2006142,
2006143,
2006147,
2006153,
2006166,
2006177,
2006181,
2006182,
2006212,
2006214,
2006215,
2006216,
2006218,
2006220,
2006249,
2006271,
2006272,
2006292,
2006294,
2006312,
2006324,
2006345,
2006371,
2006382,
2006392,
2006414,
2006422,
2006429,
2006433,
2006446,
2006454,
2006457,
2006497,
2006505,
2006511,
2006516,
2006524,
2006525,
2006546,
2006557,
2006587,
2006604,
2006631,
2006641,
2006652,
2006677,
2006688,
2006719,
2006727,
2006739,
2006766,
2006771,
2006785,
2006792,
2006796,
2006813,
2006815,
2006817,
2006820,
2006826,
2006862,
2006871,
2006874,
2006891,
2006895,
2006898,
2006909,
2006944,
2006951,
2006956,
2006960,
2006973,
2006977,
2006979,
2007015,
2007020,
2007044,
2007055,
2007059,
2007064,
2007066,
2007142,
2007143,
2007163,
2007195,
2007228,
2007241,
2007259,
2007274,
2007301,
2007319,
2007328,
2007345,
2007357,
2007359,
2007368,
2007430,
2007435,
2007473,
2007478,
2007493,
2007494,
2007510,
2007518,
2007522,
2007525,
2007534,
2007539,
2007570,
2007608,
2007615,
2007617,
2007623,
2007629,
2007647,
2007651,
2007659,
2007664,
2007668,
2007681,
2007683,
2007692,
2007693,
2007695,
2007705,
2007708,
2007717,
2007718,
2007729,
2007759,
2007775,
2007779,
2007793,
2007794,
2007811,
2007840,
2007841,
2007849,
2007857,
2007878,
2007889,
2007898,
2007933,
2007938,
2007944,
2007951,
2007952,
2007986,
2007993,
2007996,
2007998,
2008011,
2008013,
2008014,
2008020,
2008032,
2008059,
2008064,
2008074,
2008093,
2008095,
2008137,
2008169,
2008177,
2008179,
2008208,
2008212,
2008262,
2008276,
2008287,
2008308,
2008317,
2008328,
2008340,
2008348,
2008362,
2008396,
2008401,
2008403,
2008405,
2008435,
2008463,
2008470,
2008475,
2008502,
2008511,
2008514,
2008522,
2008527,
2008532,
2008550,
2008562,
2008566,
2008573,
2008575,
2008579,
2008633,
2008634,
2008657,
2008658,
2008694,
2008703,
2008706,
2008710,
2008713,
2008722,
2008724,
2008736,
2008754,
2008759,
2008762,
2008763,
2008772,
2008776,
2008784,
2008804,
2008814,
2008836,
2008842,
2008844,
2008848,
2008850,
2008851,
2008855,
2008879,
2008880,
2008886,
2008890,
2008892,
2008893,
2008896,
2008913,
2008940,
2008942,
2008954,
2008956,
2008962,
2008964,
2008968,
2008977,
2008990,
2008992,
2009006,
2009012,
2009034,
2009040,
2009041,
2009064,
2009091,
2009098,
2009104,
2009130,
2009137,
2009142,
2009155,
2009190,
2009207,
2009231,
2009241,
2009242,
2009248,
2009252,
2009253,
2009258,
2009259,
2009261,
2009265,
2009266,
2009289,
2009301,
2009304,
2009338,
2009339,
2009344,
2009354,
2009358,
2009364,
2009384,
2009401,
2009406,
2009419,
2009427,
2009450,
2009454,
2009471,
2009505,
2009529,
2009547,
2009558,
2009563,
2009572,
2009577,
2009597,
2009617,
2009620,
2009625,
2009638,
2009666,
2009679,
2009694,
2009696,
2009697,
2009708,
2009717,
2009720,
2009723,
2009733,
2009749,
2009754,
2009757,
2009759,
2009773,
2009775,
2009783,
2009794,
2009799,
2009800,
2009802,
2009823,
2009825,
2009830,
2009851,
2009860,
2009864,
2009871,
2009877,
2009878,
2009879,
2009881,
2009883,
2009895,
2009901,
2009912,
2009920,
2009922,
2009928,
2009935,
2009943,
2009949,
2009983,
2009989,
2010008,
2010012,
2010013,
2010025,
2010029,
2010061,
2010072,
2010081,
2010090,
2010112,
2010118,
2010124,
2010126,
2010129,
2010130,
2010133,
2010141,
2010142,
2010146,
2010164,
2010178,
2010180,
2010187,
2010189,
2010196,
2010206,
2010207,
2010209,
2010210,
2010211,
2010217,
2010225,
2010236,
2010244,
2010259,
2010260,
2010270,
2010273,
2010286,
2010293,
2010295,
2010305,
2010312,
2010314,
2010335,
2010370,
2010372,
2010403,
2010404,
2010407,
2010426,
2010430,
2010438,
2010443,
2010447,
2010451,
2010459,
2010463,
2010472,
2010490,
2010495,
2010499,
2010500,
2010508,
2010511,
2010516,
2010518,
2010522,
2010525,
2010533,
2010534,
2010547,
2010552,
2010555,
2010566,
2010571,
2010575,
2010588,
2010591,
2010592,
2010595,
2010596,
2010598,
2010607,
2010614,
2010631,
2010635,
2010653,
2010685,
2010695,
2010709,
2010722,
2010724,
2010734,
2010762,
2010776,
2010779,
2010802,
2010804,
2010829,
2010837,
2010845,
2010853,
2010862,
2010900,
2010919,
2010920,
2010928,
2010934,
2010948,
2010981,
2010985,
2011004,
2011028,
2011036,
2011063,
2011067,
2011072,
2011077,
2011082,
2011097,
2011109,
2011123,
2011125,
2011126,
2011129,
2011130,
2011141,
2011157,
2011175,
2011177,
2011192,
2011195,
2011202,
2011204,
2011220,
2011227,
2011232,
2011235,
2011243,
2011251,
2011256,
2011257,
2011264,
2011265,
2011275,
2011282,
2011284,
2011302,
2011332,
2011343,
2011362,
2011363,
2011366,
2011375,
2011382,
2011397,
2011411,
2011414,
2011420,
2011430,
2011440,
2011441,
2011449,
2011459,
2011468,
2011492,
2011508,
2011511,
2011513,
2011517,
2011530,
2011544,
2011554,
2011559,
2011560,
2011562,
2011572,
2011574,
2011577,
2011590,
2011604,
2011616,
2011630,
2011632,
2011646,
2011656,
2011661,
2011667,
2011677,
2011678,
2011680,
2011685,
2011700,
2011722,
2011727,
2011736,
2011738,
2011747,
2011751,
2011755,
2011758,
2011759,
2011778,
2011784,
2011807,
2011811,
2011822,
2011827,
2011846,
2011851,
2011852,
2011863,
2011869,
2011873,
2011878,
2011890,
2011906,
2011913,
2011917,
2011921,
2011931,
2011940,
2011947,
2011950,
2011952,
2011957,
2011964,
2011968,
2011971,
2011974,
2011984,
2012016,
2012019,
2012025,
2012027,
2012084,
2012086,
2012105,
2012106,
2012135,
2012139,
2012161,
2012177,
2012182,
2012204,
2012218,
2012232,
2012239,
2012253,
2012259,
2012260,
2012278,
2012283,
2012298,
2012300,
2012303,
2012309,
2012312,
2012327,
2012347,
2012350,
2012358,
2012381,
2012382,
2012389,
2012392,
2012415,
2012422,
2012426,
2012427,
2012431,
2012437,
2012450,
2012453,
2012455,
2012458,
2012461,
2012468,
2012471,
2012472,
2012473,
2012481,
2012509,
2012517,
2012538,
2012544,
2012549,
2012556,
2012583,
2012585,
2012590,
2012612,
2012649,
2012651,
2012658,
2012678,
2012687,
2012701,
2012718,
2012720,
2012726,
2012732,
2012736,
2012740,
2012748,
2012750,
2012763,
2012772,
2012787,
2012802,
2012810,
2012822,
2012841,
2012860,
2012890,
2012894,
2012902,
2012905,
2012906,
2012908,
2012912,
2012914,
2012923,
2012924,
2012936,
2012953,
2012971,
2012972,
2012975,
2012978,
2013000,
2013013,
2013047,
2013048,
2013062,
2013083,
2013091,
2013098,
2013101,
2013103,
2013106,
2013119,
2013121,
2013125,
2013136,
2013145,
2013147,
2013148,
2013155,
2013157,
2013175,
2013194,
2013195,
2013209,
2013210,
2013213,
2013217,
2013246,
2013247,
2013260,
2013263,
2013267,
2013272,
2013277,
2013302,
2013319,
2013320,
2013335,
2013337,
2013355,
2013378,
2013384,
2013401,
2013407,
2013408,
2013421,
2013422,
2013424,
2013445,
2013447,
2013453,
2013477,
2013478,
2013505,
2013529,
2013531,
2013533,
2013553,
2013555,
2013558,
2013563,
2013565,
2013574,
2013578,
2013586,
2013603,
2013701,
2013703,
2013732,
2013739,
2013743,
2013753,
2013754,
2013760,
2013791,
2013794,
2013814,
2013815,
2013824,
2013853,
2013857,
2013858,
2013862,
2013866,
2013871,
2013876,
2013897,
2013900,
2013907,
2013916,
2013919,
2013920,
2013921,
2013939,
2013944,
2013945,
2013950,
2013963,
2013972,
2013973,
2013979,
2013980,
2013987,
2014004,
2014013,
2014018,
2014020,
2014032,
2014050,
2014056,
2014061,
2014079,
2014111,
2014118,
2014128,
2014132,
2014133,
2014136,
2014154,
2014166,
2014196,
2014211,
2014235,
2014256,
2014262,
2014263,
2014290,
2014291,
2014292,
2014300,
2014309,
2014316,
2014324,
2014328,
2014332,
2014334,
2014349,
2014354,
2014356,
2014361,
2014385,
2014390,
2014391,
2014406,
2014409,
2014411,
2014413,
2014422,
2014426,
2014428,
2014447,
2014463,
2014468,
2014499,
2014516,
2014528,
2014544,
2014566,
2014573,
2014580,
2014583,
2014597,
2014601,
2014605,
2014611,
2014619,
2014652,
2014661,
2014666,
2014723,
2014724,
2014739,
2014745,
2014755,
2014799,
2014803,
2014824,
2014827,
2014828,
2014836,
2014841,
2014843,
2014845,
2014846,
2014847,
2014892,
2014907,
2014917,
2014921,
2014922,
2014923,
2014924,
2014939,
2014962,
2014965,
2014985,
2014987,
2014994,
2014997,
2015024,
2015034,
2015045,
2015061,
2015085,
2015096,
2015102,
2015104,
2015111,
2015116,
2015119,
2015121,
2015122,
2015128,
2015140,
2015154,
2015157,
2015161,
2015169,
2015187,
2015206,
2015225,
2015228,
2015232,
2015245,
2015246,
2015250,
2015278,
2015282,
2015298,
2015304,
2015309,
2015311,
2015325,
2015342,
2015347,
2015348,
2015359,
2015365,
2015376,
2015387,
2015400,
2015403,
2015412,
2015418,
2015439,
2015454,
2015468,
2015501,
2015519,
3101458,
